# lambda               TRANSMISSION   
  8984.436031874657    1.0019188E-9   
  8850.339971697422    1.0616628E-9   
  8720.187913290107    1.1261418E-9   
  8593.808378314889    1.195794E-9    
  8471.039687196106    1.2711014E-9   
  8351.729269066582    1.3525979E-9   
  8235.733029218436    1.4408772E-9   
  8122.914768544211    1.5365925E-9   
  8013.145650050369    1.6404714E-9   
  7906.303708049699    1.7533229E-9   
  7802.273396101675    1.8760455E-9   
  7700.945170178277    2.0096391E-9   
  7602.215103893941    2.1552173E-9   
  7505.984532958574    2.3140225E-9   
  7412.159726296592    2.4874467E-9   
  7320.651581527499    2.6770404E-9   
  7231.375342728382    2.8845446E-9   
  7144.250338599125    3.111907E-9    
  7059.199739330088    3.361315E-9    
  6976.150330632087    3.6352301E-9   
  6895.032303531714    3.936417E-9    
  6815.779058663533    4.267991E-9    
  6738.327023905993    4.633477E-9    
  6662.615484311544    5.036844E-9    
  6588.586423374748    5.4825935E-9   
  6516.184374766235    5.975812E-9    
  6445.356283736167    6.522288E-9    
  6376.051377459434    7.1285853E-9   
  6308.221043656675    7.802177E-9    
  6241.818716881341    8.5515826E-9   
  6176.799771913827    9.386525E-9    
  6113.121423749767    1.0318123E-8   
  6050.742633711503    1.1359105E-8   
  5989.6240212497705   1.2524075E-8   
  5929.727781037274    1.3829809E-8   
  5871.0176049874      1.529561E-8    
  5813.458608860073    1.6943737E-8   
  5757.017263142983    1.8799934E-8   
  5701.661327920455    2.0893921E-8   
  5647.35979146407     2.3260228E-8   
  5594.082812299315    2.5938906E-8   
  5541.801664520816    2.8976622E-8   
  5490.488686145623    3.2427764E-8   
  5440.117230309425    3.6355885E-8   
  5390.661619124795    4.083548E-8    
  5342.09710003358     4.5953914E-8   
  5294.399804497566    5.1813995E-8   
  5247.5467088825435   5.8536926E-8   
  5201.515597401118    6.62659E-8     
  5156.285026988934    7.5170675E-8   
  5111.83429399765     8.545272E-8    
  5068.143402595961    9.7352014E-8   
  5025.193034777351    1.11155074E-7  
  4982.964225884183    1.2720474E-7   
  4941.439817531062    1.4591278E-7   
  4900.601185639873    1.6777466E-7   
  4860.432607407602    1.9338877E-7   
  4820.916618095103    2.2347987E-7   
  4782.038533094576    2.589286E-7    
  4743.7824930921      3.0080867E-7   
  4706.133159553392    3.504332E-7    
  4669.077252822339    4.0941475E-7   
  4632.599828935369    4.7973856E-7   
  4596.687950470716    5.638623E-7    
  4561.329062336365    6.64835E-7     
  4526.5095122656385   7.8646156E-7   
  4492.218015937328    9.3350116E-7   
  4458.441703668838    1.1119461E-6   
  4425.169985848711    1.3293641E-6   
  4392.3907189248575   1.5953685E-6   
  4360.093956645053    1.922226E-6    
  4328.268229986306    2.3256832E-6   
  4296.904189157444    2.8260588E-6   
  4265.990992434162    3.4497293E-6   
  4235.519843598053    4.231167E-6    
  4205.480484936768    5.2156956E-6   
  4175.864634533291    6.4633487E-6   
  4146.662988920295    8.054236E-6    
  4117.866514609218    1.0096105E-5   
  4089.4672358355665   1.2735111E-5   
  4061.4573842721056   1.617133E-5    
  4033.8282284997103   2.0681315E-5   
  4006.5728250251846   2.6651442E-5   
  3979.6828857194578   3.462768E-5    
  3953.1518540248494   4.539094E-5    
  3926.9718565880944   6.0073817E-5   
  3901.1366980508374   8.0343474E-5   
  3875.638893514144    1.0869419E-4   
  3850.4725850891386   1.4892875E-4   
  3825.630652007494    2.0696118E-4   
  3801.1075519469705   2.922138E-4    
  3776.8965057684895   4.2009685E-4   
  3752.992266479287    6.166154E-4    
  3729.3883757325643   9.2730566E-4   
  3706.079863148296    0.001435477    
  3683.0608952701737   0.0023021603   
  3660.3257907637494   0.0038611032   
  3637.869646554626    0.0068720747   
  3615.687671364191    0.013315673    
  3593.7742587885145   0.029670551    
  3572.1251692995625   0.0880184      
  3550.735047930179    0.3681111      
  3529.599869665044    0.40075284     
  3508.714516576178    0.3611705      
  3488.0751653160437   0.3431712      
  3467.676921587486    0.43824497     
  3447.516151765857    0.61245096     
  3427.5881726869293   0.5559958      
  3407.8895293317664   0.5141337      
  3388.415738009945    0.5606744      
  3369.1635119529965   0.6756035      
  3350.128556058669    0.9267593      
  3331.307742155772    1.0            
  3312.6969535585495   0.6552584      
  3294.293211687374    0.54924786     
  3276.0925687609333   0.6448538      
  3258.0921873831176   0.6172938      
  3240.288279774982    0.59967774     
  3222.6781418680835   0.57851666     
  3205.258137548337    0.6335458      
  3188.025688729717    0.88731265     
  3170.9773031484824   0.7894112      
  3154.1105218283374   0.6979943      
  3137.4219890262516   0.78253514     
  3120.9093584406705   0.6639078      
  3104.569403969579    0.6193906      
  3088.3998859569133   0.60871994     
  3072.397701479815    0.6489204      
  3056.5607118748835   0.6055248      
  3040.886151790266    0.61039144     
  3025.3713168557515   0.6612058      
  3010.013994043561    0.6291441      
  2994.8120106248853   0.49170706     
  2979.7625981930764   0.48910102     
  2964.863890518637    0.6551171      
  2950.1132201492896   0.68194956     
  2935.5088024937      0.61394316     
  2921.0480662830673   0.5978223      
  2906.7293044300363   0.61668473     
  2892.550037350776    0.69872534     
  2878.5086315714916   0.75729173     
  2864.602694949096    0.7143239      
  2850.8306639602274   0.66281766     
  2837.1902298958653   0.65223664     
  2823.679895732035    0.64083797     
  2810.2974324091715   0.58874        
  2797.0414061496576   0.6760508      
  2783.9096639665013   0.62429756     
  2770.900832260408    0.558951       
  2758.0128307345294   0.50843924     
  2745.2443430728117   0.52197367     
  2745.177862720425    0.5223324      
  2743.9185786459057   0.5293071      
  2742.660449373988    0.536373       
  2741.403473316914    0.54325134     
  2740.147827904273    0.5496938      
  2738.8931533613495   0.55549634     
  2737.6396272876545   0.56050897     
  2736.3872481070293   0.56464225     
  2735.1360142461954   0.5678681      
  2733.885924134754    0.5702175      
  2732.637154239607    0.5717734      
  2732.5933584682425   0.5718032      
  2731.389346764665    0.57266116     
  2730.142678345328    0.57303613     
  2728.897147422635    0.57307047     
  2727.652752440468    0.5729396      
  2726.4094918455457   0.5728095      
  2725.1673640874187   0.57282555     
  2723.92654451969     0.57310396     
  2722.686677634088    0.5737257      
  2721.44793895107     0.574734       
  2720.2103269314443   0.57613397     
  2720.0586151547127   0.57635164     
  2718.9738400388173   0.5778964      
  2717.738476739588    0.5799624      
  2716.504411441445    0.5822507      
  2715.2712905796493   0.58466613     
  2714.039288727355    0.587108       
  2712.808404362066    0.5894786      
  2711.578635964046    0.5916911      
  2710.349982016316    0.5936754      
  2709.1226159882585   0.59538335     
  2707.8961862427536   0.5967915      
  2707.638168785441    0.59703827     
  2706.670866413275    0.59790176     
  2705.446654993797    0.59874105     
  2704.2235504810155   0.5993585      
  2703.0015513743483   0.59982187     
  2701.78065617592     0.6002125      
  2700.561037269935    0.60062015     
  2699.3423452482793   0.60113704     
  2698.12475265766     0.6018522      
  2696.9082580109857   0.602846       
  2695.692859823848    0.6041857      
  2695.3308095623975   0.6046725      
  2694.47855661451     0.605921       
  2693.2655198450834   0.60808104     
  2692.0534020011787   0.61067265     
  2690.842374706067    0.61367905     
  2689.632436488652    0.6170597      
  2688.4235858804795   0.6207516      
  2687.215821415737    0.6246716      
  2686.0093136417995   0.6287187      
  2684.8037169226263   0.6327787      
  2683.599201965424    0.6367287      
  2683.13465672951     0.6381762      
  2682.3957673148757   0.64044195     
  2681.1934115182726   0.64379424     
  2679.992133125509    0.6466694      
  2678.791930689079    0.6489655      
  2677.592973698354    0.65060025     
  2676.3949186894984   0.65151656     
  2675.1979353101874   0.65168613     
  2674.002022123245    0.65111244     
  2672.807177694065    0.64983225     
  2671.6134005906038   0.64791524     
  2671.04855001679     0.6468041      
  2670.420859403173    0.6454615      
  2669.229212513539    0.64259756     
  2668.038628669019    0.6394702      
  2666.8491064477626   0.6362393      
  2665.660644430457    0.6330682      
  2664.473241200316    0.63011473     
  2663.2868953430784   0.627521       
  2662.1017744091296   0.62540346     
  2660.9175389146844   0.623845       
  2659.73435656564     0.6228872      
  2659.0706695395734   0.62263304     
  2658.5522259577715   0.62252593     
  2657.371145689349    0.62270904     
  2656.1911143611314   0.6233369      
  2655.0122986397623   0.6242665      
  2653.834360855072    0.62531745     
  2652.65746782795     0.62628204     
  2651.4816181690576   0.6269363      
  2650.3068104915224   0.6270532      
  2649.133043410927    0.6264167      
  2647.9604827171233   0.6248352      
  2647.199902248783    0.62317836     
  2646.788792539045    0.62215453     
  2645.618138819538    0.61826915     
  2644.448520183958    0.61313003     
  2643.2799352600905   0.6067506      
  2642.1123826781454   0.5992079      
  2640.945861070752    0.5906405      
  2639.78053521353     0.58124304     
  2638.616071316233    0.5712568      
  2637.4526343060306   0.56095743     
  2636.2902228251746   0.55064094     
  2635.434486552907    0.5432252      
  2635.128835518309    0.54060805     
  2633.9684710324655   0.53114825     
  2632.8092932812933   0.5225245      
  2631.6509702427275   0.5149595      
  2630.493665980743    0.5086244      
  2629.3373791518684   0.50363034     
  2628.1821084149933   0.5000239      
  2627.027852431362    0.49778587     
  2625.8747742593773   0.49683392     
  2624.7225436311287   0.497029       
  2623.7733544412717   0.49793336     
  2623.5713237541345   0.4981845      
  2622.4211132990126   0.50007784     
  2621.2719109387112   0.5024638      
  2620.123715348502    0.50508857     
  2618.9765252059783   0.5077037      
  2617.8305025801615   0.51007915     
  2616.6853192321228   0.5120143      
  2615.541137378606    0.51334774     
  2614.3979557064326   0.51396257     
  2613.25577290472     0.5137906      
  2612.2148001697756   0.5129226      
  2612.114587664875    0.5128123      
  2610.9745612150095   0.5110544      
  2609.8353670404545   0.5085846      
  2608.6971665158617   0.50550485     
  2607.559958341747    0.5019425      
  2606.4237412208913   0.49804077     
  2605.2885138583356   0.49394912     
  2604.1544366477933   0.48981392     
  2603.0211847852834   0.48577017     
  2601.88891880989     0.48193434     
  2600.757798700559    0.47839984     
  2600.7576374356454   0.4783993      
  2599.627339378816    0.475231       
  2598.4980233578995   0.47246698     
  2597.36968809362     0.47011718     
  2596.2424930143607   0.46816602     
  2595.116115294991    0.46657613     
  2593.990714507917    0.46529323     
  2592.866289382717    0.4642514      
  2591.7428386511706   0.4633787      
  2590.6203610472558   0.46260282     
  2589.4990151788343   0.46181804     
  2589.4006978157513   0.4616656      
  2578.142513494467    0.4485759      
  2566.9816448410497   0.42857137     
  2555.917146998825    0.37074867     
  2544.9474683005897   0.27640697     
  2534.0717012979803   0.21952645     
  2523.2883415623032   0.2006921      
  2512.5965173886757   0.18388689     
  2501.9947696947715   0.13550137     
  2491.4821129420916   0.104038075    
  2481.057722350604    0.07942622     
  2470.719908765531    0.049716227    
  2460.4678867684875   0.030489402    
  2450.3005928199364   0.025732413    
  2440.2172648275796   0.022301065    
  2430.216303703801    0.020453172    
  2420.296983653735    0.015972389    
  2410.4583090475517   0.01724434     
  2400.699575197408    0.018684506    
  2380.9524890787256   0.013389429    
  2352.941176470588    0.008638177    
  2325.581292193156    0.005331736    
  2298.8506251116046   0.00353863     
  2272.727223467237    0.0032212785   
  2247.1911075545368   0.002907006    
  2222.222222222222    0.002384505    
  2197.8021056708826   0.0018727332   
  2173.9130885479367   0.0011506282   
  2150.5375903029576   5.547321E-4    
  2127.6596608125265   6.408931E-4    
  2105.2631578947367   8.935367E-4    
  2083.3332505491076   6.53846E-4     
  2061.8557106461617   3.414457E-4    
  2040.8162868107331   2.348342E-4    
  2020.2020980450447   2.960462E-4    
  2000.0               4.21705E-4     
  1980.19794501133     3.186743E-4    
  1960.7843503911702   7.017508E-5    
  1941.7475368583541   8.8307104E-5   
  1923.0769936149668   2.5821547E-4   
  1904.7619047619048   2.009463E-4    
  1886.7923849288516   1.4761032E-4   
  1869.1589118237166   2.3647818E-4   
  1851.8518191469718   3.0486748E-4   
  1834.8624495361908   2.3160073E-4   
  1818.1818181818182   1.5754157E-4   
  1801.8017398799261   2.9103315E-4   
  1785.7143161248193   2.771281E-4    
  1769.911474550104    1.4299259E-4   
  1754.3860236179962   4.746536E-5    
  1739.1304347826085   2.6664346E-5   
  1724.1378743356547   1.33387775E-5  
  1709.40173726859     6.104007E-6    
  1694.9152268407267   4.3408323E-5   
  1680.6723227836649   5.2050484E-5   
  1666.6666666666665   7.2624825E-5   
  1652.8925098736818   5.9719532E-5   
  1639.344287924599    5.2157236E-5   
  1626.0162349481313   4.1700296E-5   
  1612.9032754253042   4.6116565E-5   
  1600.0               4.9045593E-5   
  1587.3015392454379   5.8872538E-5   
  1574.8031732574698   6.518517E-5    
  1562.4999767169359   4.7951442E-5   
  1550.3876427461978   4.3097967E-5   
  1538.4615384615386   4.4415865E-5   
  1526.7175127941593   5.081208E-5    
  1515.1515370448653   3.5913563E-5   
  1503.759376930877    2.6742286E-5   
  1492.5373559222253   3.142162E-5    
  1481.4814814814813   2.8760312E-5   
  1470.5881940452298   1.9270934E-5   
  1459.8540349229972   1.2061257E-5   
  1449.2753422878743   9.761939E-6    
  1438.8489603508865   9.449959E-6    
  1428.5714285714287   7.6154247E-6   
  1418.4396779367519   6.4782557E-6   
  1408.4507231437083   5.619758E-6    
  1398.6013799467103   4.364087E-6    
  1388.8889256818804   3.2965381E-6   
  1379.310344827586    5.1653E-6      
  1369.8629779067633   8.031678E-6    
  1360.5442353403548   6.6199405E-6   
  1351.3513339358235   5.2121213E-6   
  1342.2819135597258   5.4575185E-6   
  1333.3333333333333   5.961858E-6    
  1324.50327779749     5.7689526E-6   
  1315.7894901951927   5.123173E-6    
  1307.189526187803    6.122465E-6    
  1298.7013308711196   6.7101882E-6   
  1290.3225806451612   5.507105E-6    
  1282.0512507010424   4.3211844E-6   
  1273.8853657945447   4.2062698E-6   
  1265.8227695293333   5.002445E-6    
  1257.8616653984998   5.807611E-6    
  1250.0               5.9147005E-6   
  1242.235995411464    6.441606E-6    
  1234.567843092561    8.046653E-6    
  1226.9939224614768   8.7421795E-6   
  1219.5122234882313   7.772487E-6    
  1212.121212121212    6.0945777E-6   
  1204.8192494215618   4.556369E-6    
  1197.6047357065925   4.399212E-6    
  1190.4762445393628   5.2735836E-6   
  1183.4319793753536   5.521775E-6    
  1176.470588235294    4.925096E-6    
  1169.5906171834263   3.8587145E-6   
  1162.790646096578    3.3741908E-6   
  1156.0694151451426   3.7727025E-6   
  1149.4253125558023   4.6081127E-6   
  1142.8571428571427   5.2936657E-6   
  1136.3636117336184   4.62643E-6     
  1129.943454119862    3.009283E-6    
  1123.5955537772684   2.563109E-6    
  1117.31845956554     3.2019698E-6   
  1111.111111111111    3.493149E-6    
  1104.972352402569    3.2735306E-6   
  1098.9010528354413   2.9427183E-6   
  1092.896220426975    2.4232572E-6   
  1086.9565442739683   1.8341334E-6   
  1081.081081081081    1.9935305E-6   
  1075.2687951514788   2.5266115E-6   
  1069.5186729423533   1.9498248E-6   
  1063.8298304062632   1.4307423E-6   
  1058.201079559348    1.5386593E-6   
  1052.6315789473683   1.6485461E-6   
  1047.1203979348309   1.8289727E-6   
  1041.6666252745538   2.0715518E-6   
  1036.2694710161068   1.6273717E-6   
  1030.9278553230808   1.3415913E-6   
  1025.6410256410256   1.3828775E-6   
  1020.4081434053666   1.3169667E-6   
  1015.2283870782848   1.0979205E-6   
  1010.1010490225224   7.381012E-7    
  1005.0251448938023   3.641575E-7    
  1000.0               1.7510013E-7   
  995.0248567377184    1.4376265E-7   
  990.098972505665     1.4999499E-7   
  985.221711904656     1.0947505E-7   
  980.3921751955851    7.510729E-8    
  975.609756097561     4.4585477E-8   
  970.8737684291771    2.4892278E-8   
  966.1835392686212    1.9404592E-8   
  961.5384968074834    1.5316125E-8   
  956.9378165092252    1.1127779E-8   
  952.3809523809524    8.330145E-9    
  947.8672814415795    8.588521E-9    
  943.3961924644258    7.7754745E-9   
  938.9671697828685    5.9936016E-9   
  934.5794559118583    7.743425E-9    
  930.2325581395348    7.620721E-9    
  925.9259095734859    5.8738725E-9   
  921.6589537709688    9.238365E-9    
  917.4312247680954    1.4449648E-8   
  913.2420250399172    1.8055944E-8   
  909.0909090909091    1.3639754E-9   
  904.97735994473      1.1858216E-9   
  900.9008699399631    1.3862665E-9   
  896.861017230971     1.7470072E-9   
  892.8571580624097    1.3797934E-9   
  888.8888888888889    1.5679046E-9   
  884.955737275052     2.794997E-9    
  881.057239110426     2.4542626E-9   
  873.3624599633773    1.8466686E-9   
  869.5652173913043    4.4542063E-9   
  865.8008515031681    1.4143297E-8   
  862.0689371678274    1.5957212E-8   
  858.3691268190418    1.1394543E-8   
  854.700868634295     1.6155438E-9   
  851.063829787234     4.1890837E-9   
  847.4576134203634    4.427455E-9    
  843.8818293742303    4.0125827E-9   
  833.3333333333333    3.5668697E-9   
  823.0452933306059    1.1761471E-9   
  819.6721439622995    2.8155875E-9   
  809.716574179566     1.4312028E-9   
  800.0                1.0813391E-9   
  796.8127368940264    1.6764615E-9   
  790.5138578306012    2.3064355E-9   
  787.4015866287349    5.738743E-9    
  784.313725490196     4.7951225E-9   
  781.2499883584679    2.770394E-9    
  778.2100936292926    2.8884053E-9   
  775.1938213730989    1.3119039E-9   
  772.2007835741784    1.3069655E-9   
  769.2307692307693    1.4024523E-9   
  766.2835137044459    1.4721556E-9   
  763.3587563970797    1.5460259E-9   
  757.5757685224327    1.2062308E-9   
