# WAVENUMBER   TRANSMISSION    UNCERTAINTY     FLAG    lambda              
  4.4516206    1.0680745E-9    9.70798E-12     false   2246.3729383631157  
  4.4684825    1.1670517E-9    1.26410445E-11  false   2237.896201369169   
  4.485345     1.2761313E-9    1.768858E-11    false   2229.4829611596297  
  4.502207     1.3964413E-9    2.061541E-11    false   2221.1329774411947  
  4.519069     1.5292368E-9    1.6482399E-11   false   2212.8450725031457  
  4.5359316    1.6759402E-9    2.3769814E-11   false   2204.618788382238   
  4.5527935    1.8381294E-9    4.4412325E-11   false   2196.45367044062    
  4.569656     2.0175932E-9    6.790009E-11    false   2188.348582314813   
  4.586518     2.2163396E-9    3.6990983E-11   false   2180.303317781908   
  4.60338      2.4366211E-9    3.136647E-11    false   2172.3167669153927  
  4.6202426    2.6809888E-9    3.6508963E-11   false   2164.3885127084363  
  4.6371045    2.9523075E-9    5.6899558E-11   false   2156.518140946679   
  4.653967     3.2538252E-9    3.2946493E-11   false   2148.7045797594196  
  4.670829     3.5891967E-9    2.8782834E-11   false   2140.9476533872194  
  4.687691     3.962573E-9     3.4739076E-11   false   2133.246314313554   
  4.7045536    4.3786565E-9    4.9615312E-11   false   2125.6001826038973  
  4.7214155    4.8427595E-9    6.765667E-11    false   2118.008880651326   
  4.738278     5.3609392E-9    6.4509155E-11   false   2110.471396027469   
  4.75514      5.940051E-9     5.8182E-11      false   2102.9875802363977  
  4.772002     6.5879253E-9    6.0592496E-11   false   2095.556443324053   
  4.7888646    7.3134525E-9    7.302114E-11    false   2088.177638961037   
  4.8057265    8.1267775E-9    7.885141E-11    false   2080.850822739739   
  4.822589     9.039524E-9     8.886361E-11    false   2073.575037113018   
  4.839451     1.00649125E-8   1.3496484E-10   false   2066.3501580047187  
  4.856313     1.121814E-8     9.665453E-11    false   2059.1752486418727  
  4.873175     1.251656E-8     1.570866E-10    false   2052.050193991285   
  4.8900375    1.3980167E-8    6.4946387E-10   false   2044.9740774198176  
  4.9069       1.5631832E-8    7.5410833E-10   false   2037.9465945096044  
  4.923762     1.7498024E-8    1.8051147E-10   false   2030.9674422811738  
  4.940624     1.960906E-8     1.9696551E-10   false   2024.035733174794   
  4.957486     2.2000078E-8    1.8369288E-10   false   2017.1513731121     
  4.9743485    2.471168E-8     2.0020124E-10   false   2010.3134931913594  
  4.991211     2.7790673E-8    2.7353428E-10   false   2003.5218156916455  
  5.008073     3.129166E-8     2.5475913E-10   false   1996.7760640369277  
  5.0249352    3.5277623E-8    2.006526E-10    false   1990.0753962805084  
  5.041797     3.982219E-8     6.599633E-10    false   1983.4197371426358  
  5.0586596    4.501084E-8     7.8789975E-10   false   1976.8082619883269  
  5.075522     5.094345E-8     9.3070085E-10   false   1970.2407174050024  
  5.092384     5.7736816E-8    1.3444893E-9    false   1963.7168508684347  
  5.1092463    6.552748E-8     1.4302319E-9    false   1957.2358627723388  
  5.126108     7.447588E-8     2.0376727E-9    false   1950.7976947093587  
  5.1429706    8.477054E-8     1.7197292E-9    false   1944.4015631595896  
  5.159833     9.663264E-8     9.543839E-10    false   1938.0472368702426  
  5.176695     1.1032513E-7    1.8116836E-9    false   1931.73448525264    
  5.1935573    1.2615675E-7    2.1080815E-9    false   1925.462548060772   
  5.210419     1.4449363E-7    1.2786282E-9    false   1919.2313820365457  
  5.2272816    1.6577232E-7    1.2294102E-9    false   1913.0402419031443  
  5.244144     1.9051058E-7    1.6902251E-9    false   1906.8889166318945  
  5.261006     2.1932624E-7    2.153777E-9     false   1900.7771956622641  
  5.2778683    2.5295708E-7    1.401268E-9     false   1894.7043553900567  
  5.29473      2.922907E-7     3.572842E-9     false   1888.6703661629556  
  5.3115926    3.383892E-7     2.5970643E-9    false   1882.6745183256596  
  5.3284545    3.9253402E-7    5.15494E-9      false   1876.7167872722541  
  5.345317     4.5627561E-7    5.27021E-9      false   1870.796476913083   
  5.3621793    5.3148955E-7    4.0854697E-9    false   1864.9134016373946  
  5.379041     6.204529E-7     5.3477134E-9    false   1859.0673760691634  
  5.3959036    7.259405E-7     6.238153E-9     false   1853.2577237776854  
  5.4127655    8.5135366E-7    9.650018E-9     false   1847.4844318652724  
  5.429628     1.0008532E-6    1.675208E-8     false   1841.7468365658171  
  5.4464903    1.1795598E-6    1.08479945E-8   false   1836.0447685796978  
  5.463352     1.3938122E-6    1.1422724E-8    false   1830.378058700517   
  5.4802146    1.6514546E-6    2.5285186E-8    false   1824.7460615271607  
  5.4970765    1.9622476E-6    2.9123461E-8    false   1819.1487746791458  
  5.513939     2.3383927E-6    2.5873016E-8    false   1813.5855645939039  
  5.5308013    2.7952178E-6    2.2769747E-8    false   1808.0562769103465  
  5.547663     3.3520357E-6    4.0586887E-8    false   1802.560757237247   
  5.5645256    4.033263E-6     5.2955343E-8    false   1797.0983891898784  
  5.5813875    4.870076E-6     3.8370427E-8    false   1791.6691798338113  
  5.59825      5.902289E-6     6.183902E-8     false   1786.27252386443    
  5.6151123    7.1811623E-6    2.156077E-7     false   1780.908280614796   
  5.631974     8.772977E-6     2.4293803E-7    false   1775.5763092804348  
  5.6488366    1.0764231E-5    1.14865195E-7   false   1770.2760206437883  
  5.6656985    1.32681835E-5   1.7365441E-7    false   1765.0074302521218  
  5.682561     1.6434435E-5    1.9702665E-7    false   1759.7699592706135  
  5.6994233    2.046186E-5     1.6130826E-7    false   1754.563479596876   
  5.716285     2.5617877E-5    1.3326228E-7    false   1749.387862897639   
  5.7331476    3.2263702E-5    1.7185724E-7    false   1744.242545421458   
  5.7500095    4.0893075E-5    1.9800284E-7    false   1739.1275503282127  
  5.766872     5.2188825E-5    2.5229832E-7    false   1734.042323607056   
  5.7837343    6.7103094E-5    5.4410947E-7    false   1728.9867486934606  
  5.800596     8.698344E-5     6.991745E-7     false   1723.9607087110508  
  5.8174586    1.1376108E-4    8.5390263E-7    false   1718.9636638075358  
  5.8343205    1.5025111E-4    7.919333E-7     false   1713.9956439714513  
  5.851183     2.0062052E-4    1.5963152E-6    false   1709.0561184990083  
  5.868045     2.7116656E-4    1.796783E-6     false   1704.1451199080268  
  5.8849072    3.7162183E-4    3.240712E-6     false   1699.2621264193422  
  5.9017696    5.1740685E-4    3.3397887E-6    false   1694.4070360707215  
  5.9186316    7.3373015E-4    7.971062E-6     false   1689.579746492785   
  5.935494     0.0010632777    1.2721657E-5    false   1684.7797488888048  
  5.952356     0.0015816904    1.9087334E-5    false   1680.0070816338548  
  5.9692183    0.0024305435    3.4230558E-5    false   1675.2612443261328  
  5.9860806    0.0038946867    1.7749717E-5    false   1670.542144436697   
  6.0029426    0.006608164     3.173512E-5     false   1665.8496889725805  
  6.019805     0.012210946     6.977803E-5     false   1661.1833897503302  
  6.036667     0.031755198     2.1248359E-4    false   1656.5432903879741  
  6.0535293    0.07642507      4.4317087E-4    false   1651.9289106070332  
  6.0703917    0.16709672      8.1511267E-4    false   1647.3401665633196  
  6.0872536    0.21464495      9.571567E-4     false   1642.7769738998343  
  6.104116     0.22517522      9.984812E-4     false   1638.2388638492512  
  6.120978     0.24435535      0.0011547842    false   1633.725884716858   
  6.1378403    0.25994807      0.0011038409    false   1629.2375751865445  
  6.1547027    0.28891003      0.0010666666    false   1624.7738594151067  
  6.1715646    0.2738071       0.0010584153    false   1620.3346610048948  
  6.188427     0.2554027       9.899208E-4     false   1615.9195294955985  
  6.205289     0.26694828      0.0010690299    false   1611.5285173767354  
  6.2221513    0.32166737      0.0013390991    false   1607.1611812184678  
  6.2390137    0.35186484      0.0013838632    false   1602.8174525533166  
  6.2558756    0.35646307      0.0015013113    false   1598.497262324039   
  6.272738     0.35206106      0.0014635932    false   1594.2001773485667  
  6.2896       0.41397583      0.0018254657    false   1589.926253844981   
  6.3064623    0.49679372      0.0023952613    false   1585.6750652710916  
  6.323324     0.5096886       0.0024157197    false   1581.4466692185158  
  6.3401866    0.51154         0.0023835523    false   1577.2406456365607  
  6.357049     0.5481686       0.0026022547    false   1573.056935433131   
  6.373911     0.6086971       0.0030105677    false   1568.8954788861577  
  6.3907733    0.6507379       0.0031236713    false   1564.7558654132913  
  6.407635     0.60381806      0.003088715     false   1560.638155767487   
  6.4244976    0.62378985      0.0029000584    false   1556.5419455052374  
  6.44136      0.69179153      0.0028090267    false   1552.4671816160937  
  6.458222     0.68781406      0.0031679813    false   1548.4138104366455  
  6.4750843    0.65785027      0.0031742274    false   1544.3814364814043  
  6.491946     0.6232559       0.0025952812    false   1540.370123304412   
  6.5088086    0.59348714      0.0022089852    false   1536.3794812307522  
  6.525671     0.6049127       0.0022895345    false   1532.4094628669368  
  6.542533     0.62017983      0.0024106218    false   1528.4600201476806  
  6.5593953    0.6395809       0.0024369792    false   1524.5307718807921  
  6.576257     0.5980543       0.0021911075    false   1520.6217840944628  
  6.5931196    0.543252        0.0017998243    false   1516.7326811011735  
  6.609982     0.60505676      0.0021110238    false   1512.863420697689   
  6.626844     0.67722595      0.002318389     false   1509.013959993809   
  6.6437063    0.6301455       0.0020705713    false   1505.183931341601   
  6.660568     0.5839058       0.0017553288    false   1501.3734029465736  
  6.6774306    0.6282753       0.0019019954    false   1497.5820123801138  
  6.694293     0.6805398       0.0021058198    false   1493.8097222370618  
  6.711155     0.67009306      0.0018802194    false   1490.0564944133682  
  6.7280173    0.6568349       0.0016635323    false   1486.32197410642    
  6.7448792    0.7008677       0.0018819043    false   1482.6062314294404  
  6.7617416    0.74947774      0.0022359248    false   1478.9089165326789  
  6.778604     0.78399926      0.0024227113    false   1475.2299964483086  
  6.795466     0.83120465      0.0025444378    false   1471.569437500548   
  6.8123283    0.8886549       0.0027699573    false   1467.9268970792543  
  6.8291903    0.92226756      0.0029793314    false   1464.3024469604136  
  6.8460526    0.98109484      0.0029636163    false   1460.6957492376828  
  6.8629146    0.98738426      0.0031749024    false   1457.1068762886418  
  6.879777     0.9193913       0.0030228603    false   1453.5354948156835  
  6.8966393    0.88995266      0.0029534877    false   1449.9815775112472  
  6.9135013    0.95193         0.0032395145    false   1446.4450963512982  
  6.9303637    1.0             0.0031811176    false   1442.9257247785301  
  6.9472256    0.98920554      0.0031872576    false   1439.4235365274094  
  6.964088     0.9084459       0.003037916     false   1435.9382094223997  
  6.9809504    0.8758633       0.0026877327    false   1432.4697198396134  
  6.9978123    0.8583912       0.002662568     false   1429.0180434351842  
  7.0146747    0.8137544       0.0024581014    false   1425.5828644443732  
  7.0315366    0.8063605       0.0023681675    false   1422.1642577637454  
  7.048399     0.83632386      0.0025112329    false   1418.761911797696   
  7.0652614    0.7765717       0.0022129163    false   1415.3758063328519  
  7.0821233    0.73242307      0.0021387206    false   1412.0059204342172  
  7.0989857    0.7540487       0.0021602674    false   1408.6519486081486  
  7.1158476    0.79204094      0.0023691538    false   1405.3139667362102  
  7.13271      0.77261543      0.0021331985    false   1401.9916732945026  
  7.1495724    0.71031386      0.0018006917    false   1398.6850512280457  
  7.1664343    0.7025724       0.0017425764    false   1395.3940827602341  
  7.1832967    0.75882304      0.0017929594    false   1392.1184721793968  
  7.2001586    0.82887983      0.0019003804    false   1388.8582961910756  
  7.217021     0.87553793      0.0020348085    false   1385.6132628662078  
  7.2338834    0.8514604       0.0018850962    false   1382.383358075345   
  7.2507453    0.8713951       0.0018073203    false   1379.1685669688409  
  7.2676077    0.886087        0.0020273863    false   1375.9686031578192  
  7.2844696    0.9313403       0.0020435473    false   1372.7835440253878  
  7.301332     0.9491132       0.0020403564    false   1369.6131067894908  
  7.3020806    0.9484246       0.0021663231    true    1369.4726893586492  
  7.3037524    0.9467503       0.0021664058    true    1369.1592241575565  
  7.3054237    0.94494593      0.0021664887    true    1368.8459917715932  
  7.3070955    0.9430581       0.0021665718    true    1368.5328133677103  
  7.3087673    0.94110173      0.0021666547    true    1368.2197782352823  
  7.310439     0.93905956      0.002166738     true    1367.906886276016   
  7.312111     0.93688464      0.0021668214    true    1367.594137391709   
  7.3137827    0.93450636      0.0021669047    true    1367.2815314842492  
  7.3154545    0.9318401       0.0021720557    true    1366.9690684556128  
  7.317126     0.9288488       0.0021720557    true    1366.6568372691654  
  7.318194     0.9267485       0.0021720557    false   1366.457369066286   
  7.3187976    0.9254698       0.0021098815    true    1366.3446596637837  
  7.3204694    0.92164165      0.0021098815    true    1366.032624643722   
  7.322141     0.91732436      0.0021098815    true    1365.7207321113158  
  7.323813     0.91250676      0.0021098815    true    1365.408981968988   
  7.3254848    0.9072113       0.0021098815    true    1365.097374119252   
  7.3271565    0.9014959       0.0021098815    true    1364.7859084647102  
  7.328828     0.8954522       0.0021098815    true    1364.4746736851666  
  7.3304996    0.88920134      0.0021098815    true    1364.1634920886856  
  7.3321714    0.88288593      0.0021098815    true    1363.8524523957647  
  7.333843     0.8766611       0.0021116256    true    1363.541554509361   
  7.3350563    0.87228763      0.0021116256    false   1363.316051613212   
  7.335515     0.87068295      0.0019269577    true    1363.23079833252    
  7.337187     0.8650974       0.0019269577    true    1362.9201837683747  
  7.3388586    0.86002946      0.0019269577    true    1362.6097107201479  
  7.34053      0.8555738       0.0019269577    true    1362.2994675854368  
  7.3422017    0.8517876       0.0019269577    true    1361.9892772387693  
  7.3438735    0.8486868       0.0019269577    true    1361.679228118242   
  7.3455453    0.8462451       0.0019269577    true    1361.3693201274286  
  7.347217     0.8443966       0.0019269577    true    1361.0595531699907  
  7.348889     0.84304166      0.0019269577    true    1360.7499271496781  
  7.3505607    0.84205526      0.0019286324    true    1360.4404419703278  
  7.3519187    0.841423        0.0019286324    false   1360.189144038649   
  7.352232     0.8412978       0.0021222378    true    1360.1311857486742  
  7.353904     0.8406266       0.0021222378    true    1359.8219819230055  
  7.3555756    0.8399079       0.0021222378    true    1359.5129186503616  
  7.3572474    0.83902794      0.0021222378    true    1359.2039958349285  
  7.358919     0.8379028       0.0021222378    true    1358.8952133809794  
  7.360591     0.8364851       0.0021222378    true    1358.5865711928743  
  7.3622622    0.83476853      0.0021222378    true    1358.2781571476748  
  7.363934     0.83278877      0.0021222378    true    1357.9697951647477  
  7.365606     0.83062077      0.0021222378    true    1357.6615731612935  
  7.3672776    0.82837397      0.0021298635    true    1357.3534910420192  
  7.3687806    0.8264017       0.0021298635    false   1357.0766352348564  
  7.3689494    0.82618374      0.0022946426    true    1357.0455487117188  
  7.370621     0.8242018       0.0022946426    true    1356.7377460752718  
  7.372293     0.8225852       0.0022946426    true    1356.4300830376449  
  7.3739643    0.821485        0.0022946426    true    1356.1226471975108  
  7.375636     0.82103556      0.0022946426    true    1355.8152630330176  
  7.377308     0.82134575      0.0022946426    true    1355.5080181827868  
  7.3789797    0.8224916       0.0022946426    true    1355.200912552128   
  7.3806515    0.82451165      0.0022946426    true    1354.8939460464385  
  7.3823233    0.8274055       0.0022946426    true    1354.5871185711997  
  7.383995     0.8311349       0.0022955711    true    1354.2804300319785  
  7.385643     0.835558        0.0022955711    false   1353.9782511458588  
  7.3856664    0.8356269       0.0023348606    true    1353.9739677503806  
  7.387338     0.84078026      0.0023348606    true    1353.6675567606792  
  7.38901      0.8464725       0.0023348606    true    1353.3612844242373  
  7.3906817    0.85256815      0.0023348606    true    1353.0551506469646  
  7.3923535    0.85892767      0.0023348606    true    1352.7491553348539  
  7.3940253    0.8654152       0.0023348606    true    1352.443298393985   
  7.395697     0.8719056       0.0023348606    true    1352.1375797305218  
  7.3973684    0.87829006      0.0023348606    true    1351.832086390313   
  7.39904      0.88447964      0.0023348606    true    1351.5266439611182  
  7.400712     0.89040685      0.002352814     true    1351.2213395283554  
  7.402384     0.8960252       0.002352814     true    1350.916172998528   
  7.402505     0.8964253       0.002352814     false   1350.894069882476   
  7.4040556    0.9013073       0.0023607812    true    1350.6111442782226  
  7.4057274    0.90624154      0.0023607812    true    1350.3062532741105  
  7.407399     0.91082734      0.0023607812    true    1350.0014998929473  
  7.4090705    0.91507065      0.0023607812    true    1349.6969709061307  
  7.4107423    0.9189792       0.0023607812    true    1349.3924924522823  
  7.412414     0.92255837      0.0023607812    true    1349.088151342181   
  7.414086     0.9258076       0.0023607812    true    1348.7839474829188  
  7.4157577    0.92871875      0.0023607812    true    1348.4798807816705  
  7.4174294    0.93127495      0.0023785168    true    1348.1759511456962  
  7.419101     0.9334511       0.0023785168    true    1347.8721584823377  
  7.4193673    0.9337544       0.0023785168    false   1347.8238207669494  
  7.4207726    0.9352154       0.002281764     true    1347.568589289836   
  7.4224443    0.93653184      0.002281764     true    1347.26507025507    
  7.424116     0.9373629       0.002281764     true    1346.961687915476   
  7.425788     0.93767315      0.002281764     true    1346.6584421787288  
  7.4274597    0.9374318       0.002281764     true    1346.355332952589   
  7.4291315    0.93661565      0.002281764     true    1346.0523601448983  
  7.4308033    0.9352107       0.002281764     true    1345.749523663582   
  7.4324746    0.93321335      0.002281764     true    1345.4469097350109  
  7.4341464    0.9306307       0.0022469151    true    1345.1443455917324  
  7.435818     0.9274797       0.0022469151    true    1344.8419174991266  
  7.4362297    0.9265895       0.0022469151    false   1344.767495843514   
  7.43749      0.9237862       0.0020860464    true    1344.53962536545    
  7.439162     0.9195834       0.0020860464    true    1344.2374690990412  
  7.4408336    0.91490984      0.0020860464    true    1343.9354486083203  
  7.442505     0.9098083       0.0020860464    true    1343.6336498876476  
  7.4441767    0.90432423      0.0020860464    true    1343.331900635234   
  7.4458485    0.89850557      0.0020860464    true    1343.0302868842905  
  7.4475203    0.8924026       0.0020860464    true    1342.7288085435669  
  7.449192     0.88606924      0.0020860464    true    1342.4274655218942  
  7.450864     0.87956405      0.0020685834    true    1342.1262577281861  
  7.4525356    0.8729525       0.0020685834    true    1341.825185071437   
  7.4530916    0.8707615       0.0020685834    false   1341.725086444466   
  7.454207     0.86630905      0.0020028707    true    1341.5243332765076  
  7.4558787    0.85971856      0.0020028707    true    1341.2235305825088  
  7.4575505    0.8532782       0.0020028707    true    1340.922862752969   
  7.4592223    0.8470977       0.0020028707    true    1340.6223296972096  
  7.460894     0.84129876      0.0020028707    true    1340.3219313246323  
  7.462566     0.8360132       0.0020028707    true    1340.0216675447207  
  7.4642377    0.8313798       0.0020028707    true    1339.7215382670397  
  7.465909     0.82753944      0.0020028707    true    1339.421628948213   
  7.467581     0.8246301       0.002004843     true    1339.1217683657108  
  7.4692526    0.8227798       0.002004843     true    1338.8220420146426  
  7.469954     0.8223584       0.002004843     false   1338.696326843946   
  7.4709244    0.82210016      0.0021385131    true    1338.5224498048974  
  7.472596     0.8226797       0.0021385131    true    1338.2229916464437  
  7.474268     0.8245776       0.0021385131    true    1337.9236674493304  
  7.4759398    0.82781875      0.0021385131    true    1337.624477123687   
  7.477611     0.83239025      0.0021385131    true    1337.3255058591592  
  7.479283     0.83823955      0.0021385131    true    1337.026582969046   
  7.4809546    0.84527516      0.0021385131    true    1336.7277936812989  
  7.4826264    0.8533688       0.0021385131    true    1336.429137906368   
  7.484298     0.86235994      0.002138933     true    1336.1306155547845  
  7.48597      0.87206185      0.002138933     true    1335.8322265371578  
  7.486816     0.8771734       0.002138933     false   1335.6812955309633  
  7.487642     0.88226944      0.0024035156    true    1335.533970764179   
  7.489313     0.89276725      0.0024035156    true    1335.2359331597631  
  7.490985     0.9033385       0.0024035156    true    1334.9379435705278  
  7.4926567    0.91377336      0.0024035156    true    1334.6400869585138  
  7.4943285    0.9238768       0.0024035156    true    1334.3423632347306  
  7.4960003    0.93347484      0.0024035156    true    1334.044772310266   
  7.497672     0.94241965      0.0024035156    true    1333.7473140962866  
  7.499344     0.9505923       0.0024035156    true    1333.44998850404    
  7.501015     0.95790404      0.0024088642    true    1333.1528801929517  
  7.502687     0.96429545      0.0024088642    true    1332.8558195404619  
  7.5036783    0.96764827      0.0024088642    false   1332.679730006074   
  7.504359     0.96973425      0.0022473496    true    1332.5588912439434  
  7.5060306    0.9742114       0.0022473496    true    1332.2620952149591  
  7.5077024    0.9777368       0.0022473496    true    1331.9654313651504  
  7.509374     0.9803341       0.0022473496    true    1331.6688996062367  
  7.511046     0.9820361       0.0022473496    true    1331.3724998500172  
  7.5127172    0.9828802       0.0022473496    true    1331.0763164926618  
  7.514389     0.98290426      0.0022473496    true    1330.780180439952   
  7.516061     0.98214483      0.0022473496    true    1330.4841761258272  
  7.5177326    0.9806351       0.0022457307    true    1330.1883034624     
  7.5194044    0.97840476      0.0022457307    true    1329.8925623618602  
  7.5205407    0.9764784       0.0022457307    false   1329.6916245707425  
  7.521076     0.9754808       0.0019845143    true    1329.5969527364762  
  7.522748     0.9718891       0.0019845143    true    1329.3014744985942  
  7.5244193    0.96765643      0.0019845143    true    1329.0062117823545  
  7.526091     0.96281284      0.0019845143    true    1328.7109960194146  
  7.527763     0.95739347      0.0019845143    true    1328.4159113815074  
  7.5294347    0.9514404       0.0019845143    true    1328.1209577812906  
  7.5311065    0.94500345      0.0019845143    true    1327.8261351314986  
  7.5327783    0.93814003      0.0019845143    true    1327.5314433449441  
  7.53445      0.9309145       0.0019845143    true    1327.236882334517   
  7.5361214    0.92339635      0.0019758318    true    1326.9425359735446  
  7.5374026    0.91747606      0.0019758318    false   1326.7169728195831  
  7.537793     0.9156574       0.0018406041    true    1326.6482362171112  
  7.539465     0.90776956      0.0018406041    true    1326.3540669759625  
  7.5411367    0.8998014       0.0018406041    true    1326.0600281632962  
  7.5428085    0.89181554      0.0018406041    true    1325.7661196923889  
  7.5444803    0.88386655      0.0018406041    true    1325.472341476592   
  7.5461516    0.87599957      0.0018406041    true    1325.1787771666445  
  7.5478234    0.8682499       0.0018406041    true    1324.8852591643417  
  7.549495     0.8606439       0.0018406041    true    1324.5918711576908  
  7.551167     0.85320103      0.0018406041    true    1324.298613060351   
  7.552839     0.8459363       0.0018399645    true    1324.0054847860572  
  7.554265     0.8398927       0.0018399645    false   1323.755516984061   
  7.5545106    0.8388644       0.0019384887    true    1323.7124862486214  
  7.5561824    0.8320031       0.0019384887    true    1323.4196173619312  
  7.5578537    0.8253779       0.0019384887    true    1323.1269615181557  
  7.5595255    0.81902486      0.0019384887    true    1322.834351638007   
  7.5611973    0.8129939       0.0019384887    true    1322.5418711507489  
  7.562869     0.8073497       0.0019384887    true    1322.2495199705734  
  7.564541     0.8021725       0.0019384887    true    1321.957298011749   
  7.5662127    0.79755604      0.0019384887    true    1321.6652051886188  
  7.5678844    0.7936049       0.0019384887    true    1321.373241415603   
  7.5695558    0.79042995      0.0019340109    true    1321.0814898274964  
  7.571127     0.7882525       0.0019340109    false   1320.8073358255333  
  7.5712276    0.78814274      0.00210203      true    1320.7897838615218  
  7.5728993    0.7868492       0.00210203      true    1320.498206689397   
  7.574571     0.7866428       0.00210203      true    1320.2067582258437  
  7.576243     0.7875983       0.00210203      true    1319.9154383856583  
  7.5779147    0.78976583      0.00210203      true    1319.6242470837128  
  7.5795865    0.793166        0.00210203      true    1319.333184234954   
  7.581258     0.797787        0.00210203      true    1319.0423327179926  
  7.5829296    0.8035831       0.00210203      true    1318.75152648417    
  7.5846014    0.8104749       0.00210203      true    1318.4608484488492  
  7.586273     0.8183517       0.002104273     true    1318.1702985272761  
  7.587945     0.8270756       0.002104273     true    1317.879876634772   
  7.5879893    0.8273181       0.002104273     false   1317.872174658885   
  7.589617     0.8364865       0.002424314     true    1317.589582686733   
  7.5912886    0.84640855      0.002424314     true    1317.299416598629   
  7.59296      0.8566568       0.002424314     true    1317.0094609940686  
  7.5946317    0.867044        0.002424314     true    1316.7195503361347  
  7.5963035    0.8773867       0.002424314     true    1316.4297672850173  
  7.5979753    0.88751096      0.002424314     true    1316.1401117564842  
  7.599647     0.89725626      0.002424314     true    1315.8505836663767  
  7.601319     0.9064784       0.002424314     true    1315.5611829306108  
  7.6029906    0.9150513       0.0024338204    true    1315.271909465176   
  7.604662     0.9228665       0.0024338204    true    1314.982845639853   
  7.6048517    0.92370415      0.0024338204    false   1314.9500298773617  
  7.6063337    0.9298328       0.0023576706    true    1314.6938264271043  
  7.6080055    0.9358738       0.0023576706    true    1314.4049342331227  
  7.6096773    0.9409263       0.0023576706    true    1314.1161689741928  
  7.611349     0.9449376       0.0023576706    true    1313.8275305666727  
  7.613021     0.9478638       0.0023576706    true    1313.5390189269947  
  7.6146927    0.9496687       0.0023576706    true    1313.2506339716635  
  7.616364     0.9503235       0.0023576706    true    1312.9624578177993  
  7.618036     0.94980776      0.0023576706    true    1312.6743259448958  
  7.6197076    0.94811124      0.0023649717    true    1312.3863205063178  
  7.6213794    0.9452369       0.0023649717    true    1312.098441418863   
  7.6217136    0.94451445      0.0023649717    false   1312.040897173229   
  7.623051     0.9412044       0.0021740727    true    1311.8106885994023  
  7.624723     0.936054        0.0021740727    true    1311.5230619648794  
  7.6263943    0.92984986      0.0021740727    true    1311.2356434167734  
  7.628066     0.9226836       0.0021740727    true    1310.9482688673165  
  7.629738     0.91467583      0.0021740727    true    1310.6610202540887  
  7.6314096    0.90597683      0.0021740727    true    1310.3738974943244  
  7.6330814    0.89676535      0.0021740727    true    1310.086900505331   
  7.634753     0.8872452       0.0021740727    true    1309.8000292044876  
  7.636425     0.87764025      0.0021653634    true    1309.5132835092463  
  7.6380963    0.86818796      0.0021653634    true    1309.2267450705754  
  7.638576     0.8655302       0.0021653634    false   1309.1445263840299  
  7.639768     0.85913074      0.0020502373    true    1308.9402503034155  
  7.64144      0.85070705      0.0020502373    true    1308.6538808946698  
  7.6431117    0.8431418       0.0020502373    true    1308.3676367620792  
  7.6447835    0.83663684      0.0020502373    true    1308.0815178234554  
  7.6464553    0.8313624       0.0020502373    true    1307.7955239966827  
  7.648127     0.8274503       0.0020502373    true    1307.5096551997176  
  7.6497984    0.82498777      0.0020502373    true    1307.2239928341642  
  7.65147      0.82401544      0.0020502373    true    1306.9383738153654  
  7.653142     0.8245258       0.0020425522    true    1306.652879580695   
  7.654814     0.8264654       0.0020425522    true    1306.3675100483963  
  7.655438     0.82754415      0.0020425522    false   1306.260996447315   
  7.6564856    0.8297393       0.002122029     true    1306.0822651367823  
  7.6581573    0.83421624      0.002122029     true    1305.7971447642387  
  7.659829     0.8397375       0.002122029     true    1305.512148849222   
  7.6615005    0.84612465      0.002122029     true    1305.2273585451123  
  7.6631722    0.85318935      0.002122029     true    1304.9426112653623  
  7.664844     0.860742        0.002122029     true    1304.6579881989578  
  7.666516     0.8685998       0.002122029     true    1304.3734892646396  
  7.6681876    0.8765937       0.002122029     true    1304.0891143812198  
  7.6698594    0.884574        0.0021219114    true    1303.8048634675797  
  7.671531     0.89241326      0.0021219114    true    1303.5207364426733  
  7.6723003    0.8959487       0.0021219114    false   1303.3900601492355  
  7.6732025    0.9000082       0.0021703658    true    1303.23681421279    
  7.6748743    0.90727925      0.0021703658    true    1302.9529346872125  
  7.676546     0.91416883      0.0021703658    true    1302.6691788076737  
  7.678218     0.92063797      0.0021703658    true    1302.3855464934086  
  7.6798897    0.92666274      0.0021703658    true    1302.1020376637227  
  7.6815615    0.9322297       0.0021703658    true    1301.8186522379913  
  7.6832333    0.937332        0.0021703658    true    1301.5353901356602  
  7.6849046    0.94196546      0.0021703658    true    1301.2523320170562  
  7.6865764    0.94612616      0.0021749455    true    1300.969316285026   
  7.688248     0.9498084       0.0021749455    true    1300.6864236351767  
  7.6891627    0.9516211       0.0021749455    false   1300.5317158214866  
  7.68992      0.95300424      0.0021666281    true    1300.403653987234   
  7.6915917    0.9557042       0.0021666281    true    1300.1210072609936  
  7.6932635    0.9578987       0.0021666281    true    1299.8384833763205  
  7.6949353    0.95958024      0.0021666281    true    1299.556082253149   
  7.6966066    0.9607465       0.0021666281    true    1299.2738843069624  
  7.6982784    0.9614026       0.0021666281    true    1298.9917284319201  
  7.69995      0.96156377      0.0021666281    true    1298.7096950786247  
  7.701622     0.96125716      0.0021666281    true    1298.4277841672883  
  7.703294     0.96042657      0.0021664896    true    1298.1459956181925  
  7.7049656    0.9588233       0.0021656866    true    1297.8643293516893  
  7.7060246    0.9577061       0.0021651825    false   1297.685961101326   
  7.722887     0.94423616      0.0020122891    false   1294.85255310116    
  7.739749     0.9499135       0.0020133955    false   1292.0315708474238  
  7.7566113    0.9771802       0.0019895795    false   1289.2227742739458  
  7.7734737    0.98672146      0.0020514433    false   1286.4261635086793  
  7.7903357    0.88283217      0.0018365639    false   1283.6417379922705  
  7.807198     0.7489121       0.0015077058    false   1280.8692617994352  
  7.82406      0.74037296      0.0015762674    false   1278.1088139662486  
  7.8409224    0.7785588       0.001757411     false   1275.3601612687632  
  7.8577847    0.8170021       0.0018197737    false   1272.6233054992701  
  7.8746467    0.8585607       0.0018635987    false   1269.898247770376   
  7.891509     0.8047677       0.0016947688    false   1267.1847588239395  
  7.908371     0.78911465      0.0018230833    false   1264.4829176338023  
  7.9252334    0.86604995      0.002062416     false   1261.792497529695   
  7.9420953    0.94848         0.0022448644    false   1259.1135774419704  
  7.9589577    0.9678984       0.0024955894    false   1256.4459332445995  
  7.97582      0.94960916      0.0022320966    false   1253.7895688561873  
  7.992682     0.8740993       0.0019485708    false   1251.1444875270174  
  8.009544     0.8129999       0.0018564436    false   1248.510468867728   
  8.026406     0.7790186       0.0018470732    false   1245.887591656996   
  8.043269     0.7716979       0.0019864724    false   1243.2755642384216  
  8.060131     0.811418        0.002014049     false   1240.6746130345991  
  8.076993     0.86997217      0.0019466808    false   1238.0845215702143  
  8.093855     0.8997511       0.0019923912    false   1235.5052219730314  
  8.110718     0.8775902       0.0019821185    false   1232.9365019640895  
  8.12758      0.80590254      0.0018846181    false   1230.3785853373204  
  8.144442     0.76205194      0.0018221362    false   1227.8312603204706  
  8.161304     0.7578699       0.0017883155    false   1225.2943180846178  
  8.178166     0.8016107       0.0018751012    false   1222.7679804707147  
  8.195028     0.820674        0.0019793236    false   1220.252039133678   
  8.21189      0.77058876      0.0016532189    false   1217.7464300318054  
  8.228753     0.65592986      0.0012999573    false   1215.250948806353   
  8.245615     0.5497827       0.0011805522    false   1212.7658147194693  
  8.262477     0.50394255      0.0010557581    false   1210.2908238672596  
  8.27934      0.53282356      0.0010248931    false   1207.8257751496656  
  8.296202     0.5933918       0.0011246523    false   1205.3708859138508  
  8.313064     0.621999        0.001139553     false   1202.925955493933   
  8.3299265    0.59881246      0.001205473     false   1200.4907859708119  
  8.346788     0.57347304      0.0012590141    false   1198.0655927932523  
  8.36365      0.56893355      0.0012037953    false   1195.650178456527   
  8.380512     0.53431416      0.001117078     false   1193.2444839344148  
  8.397375     0.5119926       0.0010288233    false   1190.848315432344   
  8.414237     0.5397942       0.0010458042    false   1188.4618858939402  
  8.431099     0.55416995      0.0010897969    false   1186.085001913887   
  8.447962     0.49757233      9.066633E-4     false   1183.7174727064807  
  8.464824     0.40422666      7.5617153E-4    false   1181.3595093561737  
  8.481686     0.3351783       6.7941344E-4    false   1179.0109214485954  
  8.4985485    0.32047927      7.138652E-4     false   1176.67152113692    
  8.51541      0.3501765       7.845761E-4     false   1174.3415176634035  
  8.532272     0.35826325      7.827511E-4     false   1172.0207235353766  
  8.549134     0.2933003       6.3068484E-4    false   1169.7090842605828  
  8.565997     0.22159716      4.7160016E-4    false   1167.4064158054816  
  8.582859     0.19165954      4.0375505E-4    false   1165.1129249826108  
  8.599721     0.18693656      3.9500592E-4    false   1162.8284280907897  
  8.616584     0.17471339      3.62801E-4      false   1160.5527438802021  
  8.633446     0.15905704      3.3244668E-4    false   1158.2860773610532  
  8.650308     0.13733745      2.989069E-4     false   1156.0282476003265  
  8.66717      0.11886506      2.5478256E-4    false   1153.7792030224734  
  8.684032     0.09941854      2.1349614E-4    false   1151.5387659913367  
  8.700894     0.091564134     2.1097457E-4    false   1149.3071391407004  
  8.717756     0.09893507      2.3132234E-4    false   1147.0841451314539  
  8.734619     0.10524807      2.3341678E-4    false   1144.8696089666544  
  8.751481     0.10380117      2.2360624E-4    false   1142.6637315177866  
  8.768343     0.09312442      1.946343E-4     false   1140.466338070847   
  8.785206     0.077629514     1.604059E-4     false   1138.2772562092134  
  8.802068     0.06875018      1.308881E-4     false   1136.0966850592283  
  8.81893      0.06895693      1.2781676E-4    false   1133.9244524736794  
  8.835792     0.06978567      1.2782785E-4    false   1131.7605107134927  
  8.852654     0.057668187     9.465084E-5     false   1129.6046907138143  
  8.869516     0.038673315     6.857309E-5     false   1127.4571893008035  
  8.886378     0.026193555     4.909919E-5     false   1125.317837661835   
  8.903241     0.02118088      4.0559404E-5    false   1123.1864691815579  
  8.920103     0.018785749     3.6780864E-5    false   1121.0632789809401  
  8.936965     0.01593202      3.062864E-5     false   1118.9481006845845  
  8.953828     0.013420146     2.507131E-5     false   1116.840770073265   
  8.97069      0.011747331     2.058481E-5     false   1114.7414805798148  
  8.987552     0.0104808295    1.796807E-5     false   1112.650068213186   
  9.004414     0.009146537     1.7630302E-5    false   1110.5664887205974  
  9.021276     0.009517129     2.0483947E-5    false   1108.49058099725    
  9.038138     0.011076678     2.4838728E-5    false   1106.4225362515729  
  9.055        0.012170961     2.4030933E-5    false   1104.362193591983   
  9.071863     0.011961891     2.2782518E-5    false   1102.309394191119   
  9.1          0.010180497     2.191503E-5     false   1098.9010528354413  
  9.15         0.008331426     1.7178865E-5    false   1092.896220426975   
  9.2          0.006893569     1.4727907E-5    false   1086.9565442739683  
  9.25         0.0058829044    1.1955009E-5    false   1081.081081081081   
  9.3          0.00523194      9.593676E-6     false   1075.2687951514788  
  9.35         0.0047248676    8.591799E-6     false   1069.5186729423533  
  9.4          0.0041803806    7.651197E-6     false   1063.8298304062632  
  9.45         0.0038116456    7.006152E-6     false   1058.201079559348   
  9.5          0.0035459693    5.9723743E-6    false   1052.6315789473683  
  9.55         0.003244362     9.1370985E-6    false   1047.1203979348309  
  9.6          0.0028004316    8.281116E-6     false   1041.6666252745538  
  9.65         0.002560987     5.0413314E-6    false   1036.2694710161068  
  9.7          0.0025818574    1.0072323E-5    false   1030.9278553230808  
  9.75         0.0024657636    6.3464176E-6    false   1025.6410256410256  
  9.8          0.0021351925    8.97453E-6      false   1020.4081434053666  
  9.85         0.0020559467    4.135449E-6     false   1015.2283870782848  
  9.9          0.0020925002    1.4417902E-5    false   1010.1010490225224  
  9.95         0.0019346651    1.4560464E-5    false   1005.0251448938023  
  10.0         0.0029846255    3.0800013E-5    false   1000.0              
  10.05        0.0024847388    1.6620474E-5    false   995.0248567377184   
  10.1         0.0021712452    2.2431608E-5    false   990.098972505665    
  10.15        0.0020721755    1.806266E-5     false   985.221711904656    
  10.2         0.0020136654    3.384602E-5     false   980.3921751955851   
  10.25        0.001987896     4.3527387E-5    false   975.609756097561    
  10.3         0.0019234427    5.9325826E-5    false   970.8737684291771   
  10.35        0.001856053     6.966931E-5     false   966.1835392686212   
  10.4         0.00178583      7.0013164E-5    false   961.5384968074834   
  10.45        0.0016208764    6.916592E-5     false   956.9378165092252   
  10.5         0.0013714678    6.926238E-5     false   952.3809523809524   
  10.55        0.0013907965    6.908451E-5     false   947.8672814415795   
  10.6         0.0014269334    6.838866E-5     false   943.3961924644258   
  10.65        0.001308024     6.685371E-5     false   938.9671697828685   
  10.7         0.0011500372    6.482183E-5     false   934.5794559118583   
  10.75        0.0010503118    6.3174186E-5    false   930.2325581395348   
  10.8         0.0010322868    6.235246E-5     false   925.9259095734859   
  10.85        9.740433E-4     5.9657814E-5    false   921.6589537709688   
  10.9         8.78426E-4      5.6965902E-5    false   917.4312247680954   
  10.95        8.494656E-4     5.738666E-5     false   913.2420250399172   
  11.0         8.870318E-4     5.5984907E-5    false   909.0909090909091   
  11.05        8.517493E-4     5.981355E-5     false   904.97735994473     
  11.1         7.6592586E-4    5.6245088E-5    false   900.9008699399631   
  11.15        6.636895E-4     6.0833034E-5    false   896.861017230971    
  11.2         5.815485E-4     5.509284E-5     false   892.8571580624097   
  11.25        5.691212E-4     6.023789E-5     false   888.8888888888889   
  11.3         4.805058E-4     5.950943E-5     false   884.955737275052    
  11.35        3.9730273E-4    5.66643E-5      false   881.057239110426    
  11.4         3.831978E-4     5.229889E-5     false   877.1930118089981   
  11.45        3.63052E-4      5.1852414E-5    false   873.3624599633773   
  11.5         2.7758817E-4    4.3951408E-5    false   869.5652173913043   
  11.55        2.4167671E-4    3.9073995E-5    false   865.8008515031681   
  11.6         2.5604002E-4    4.3322776E-5    false   862.0689371678274   
  11.65        2.3076919E-4    4.1368974E-5    false   858.3691268190418   
  11.7         1.5915764E-4    3.980546E-5     false   854.700868634295    
  11.75        1.5476684E-4    3.8132923E-5    false   851.063829787234    
  11.8         1.9753729E-4    3.6032197E-5    false   847.4576134203634   
  11.85        1.9478989E-4    3.3013563E-5    false   843.8818293742303   
  11.9         1.2369805E-4    2.8819115E-5    false   840.3361613918324   
  11.95        4.6040554E-5    2.401671E-5     false   836.820097038558    
  12.0         1.057728E-5     1.941363E-5     false   833.3333333333333   
  12.05        5.1574407E-6    1.4994473E-5    false   829.8755055364156   
  12.1         1.752845E-5     1.1168517E-5    false   826.4462549368409   
  12.15        2.6447045E-5    8.260121E-6     false   823.0452933306059   
  12.2         2.3930888E-5    6.192165E-6     false   819.6721439622995   
  12.25        1.6329022E-5    4.686433E-6     false   816.3265306122448   
  12.3         6.419995E-6     3.662459E-6     false   813.0081174740657   
  12.35        1.6153952E-7    2.9752557E-6    false   809.716574179566    
  12.4         1.8034968E-6    2.4934652E-6    false   806.4516377126521   
  12.45        1.03429265E-7   2.129543E-6     false   803.2128637108993   
  12.5         2.612231E-6     1.8435803E-6    false   800.0               
  12.55        3.992185E-6     1.6319924E-6    false   796.8127368940264   
  12.6         3.45433E-6      1.503874E-6     false   793.6507696227189   
  12.65        1.6383663E-6    1.4142652E-6    false   790.5138578306012   
  12.7         2.5980643E-7    1.314272E-6     false   787.4015866287349   
  12.75        5.186572E-7     1.2148105E-6    false   784.313725490196    
  12.8         3.7763874E-7    1.1445552E-6    false   781.2499883584679   
  12.85        2.4059932E-7    1.1099329E-6    false   778.2100936292926   
  12.9         6.8341217E-7    1.1023232E-6    false   775.1938213730989   
  12.95        1.0005867E-6    1.0976747E-6    false   772.2007835741784   
  13.0         5.8145014E-7    1.0665406E-6    false   769.2307692307693   
  13.05        1.098784E-6     1.0108713E-6    false   766.2835137044459   
  13.1         1.2345072E-6    9.82426E-7      false   763.3587563970797   
  13.15        4.2417895E-7    9.890645E-7     false   760.4562958244148   
  13.2         6.374226E-8     9.940752E-7     false   757.5757685224327   
  13.25        1.0520608E-6    9.79254E-7      false   754.7169811320755   
  13.3         1.8511386E-6    9.787615E-7     false   751.8796884654384   
  13.35        2.0755776E-6    9.3663306E-7    false   749.0636490078572   
  13.4         2.1351982E-6    8.655201E-7     false   746.2686779611126   
  13.45        2.368064E-6     8.3057205E-7    false   743.494434335339    
  13.5         2.5975744E-6    8.260168E-7     false   740.7407407407406   
  13.55        1.8997742E-6    7.603479E-7     false   738.0073696853333   
  13.6         1.5916498E-6    6.892584E-7     false   735.2940970226149   
  13.65        1.9980096E-6    6.4616245E-7    false   732.6007530743597   
  13.7         2.225333E-6     6.198012E-7     false   729.9270174614986   
  13.75        1.8706874E-6    5.9975923E-7    false   727.2727272727273   
  13.8         1.49839E-6      5.6265657E-7    false   724.6376711439372   
  13.85        1.5484712E-6    5.039023E-7     false   722.0216407632204   
  13.9         1.7158482E-6    4.3937538E-7    false   719.4244801754433   
  13.95        1.6311084E-6    3.8542865E-7    false   716.8458879374554   
  14.0         1.4684539E-6    3.5224755E-7    false   714.2857142857143   
  14.05        1.538438E-6     3.4785054E-7    false   711.7437625797617   
  14.1         1.3545416E-6    3.2241903E-7    false   709.2198389683759   
  14.15        1.0225834E-6    2.7500954E-7    false   706.7137999710191   
  14.2         9.1351757E-7    2.4196868E-7    false   704.2253615718541   
  14.25        8.0867534E-7    2.3368655E-7    false   701.7543859649122   
  14.3         5.835175E-7     2.2225257E-7    false   699.3006899733551   
  14.35        5.740434E-7     2.0259321E-7    false   696.8640929733411   
  14.4         7.211653E-7     1.9162762E-7    false   694.4444628409402   
  14.45        7.4311487E-7    1.9393273E-7    false   692.0415316260517   
  14.5         7.211162E-7     1.9379188E-7    false   689.655172413793    
  14.55        8.8359826E-7    1.866442E-7     false   687.2852143581271   
  14.6         9.539037E-7     1.8111447E-7    false   684.9314889533816   
  14.65        8.038142E-7     1.7701294E-7    false   682.5938744292763   
  14.7         6.503019E-7     1.7240919E-7    false   680.2721176701774   
  14.75        6.3016137E-7    1.6703697E-7    false   677.9661016949153   
  14.8         6.0173966E-7    1.5653359E-7    false   675.6756669679118   
  14.85        5.6137776E-7    1.5081102E-7    false   673.4006561022246   
  14.9         5.7343226E-7    1.5890072E-7    false   671.1409567798629   
  14.95        5.949387E-7     1.6531095E-7    false   668.8963296041371   
  15.0         5.1497807E-7    1.481802E-7     false   666.6666666666666   
  15.05        4.2637618E-7    1.3944401E-7    false   664.4518188216526   
  15.1         4.1081998E-7    1.4562691E-7    false   662.251638898745    
  15.15        4.79768E-7      1.5116319E-7    false   660.0660232208056   
  15.2         5.6455247E-7    1.5493471E-7    false   657.8947450975963   
  15.25        5.5693505E-7    1.6644492E-7    false   655.7377049180328   
  15.3         4.6383025E-7    1.5777972E-7    false   653.5947630939015   
  15.35        4.740126E-7     1.5252446E-7    false   651.4657818557346   
  15.4         5.286436E-7     1.5712895E-7    false   649.3506654355598   
  15.45        5.001523E-7     1.5936823E-7    false   647.249198928996    
  15.5         5.133971E-7     1.6322802E-7    false   645.1612903225806   
  15.55        5.64325E-7      1.6081631E-7    false   643.0868088322139   
  15.6         6.040896E-7     1.5256963E-7    false   641.0256253505212   
  15.65        6.498102E-7     1.5470395E-7    false   638.9776513578677   
  15.7         6.5636283E-7    1.616847E-7     false   636.9426828972723   
  15.75        5.294275E-7     1.4655913E-7    false   634.9206349206349   
  15.8         4.3828211E-7    1.2954851E-7    false   632.9113847646666   
  15.85        3.944872E-7     1.256131E-7     false   630.9148113138864   
  15.9         4.0246013E-7    1.3434459E-7    false   628.9308326992499   
  15.95        4.787783E-7     1.4425075E-7    false   626.9592551462689   
  16.0         4.7174808E-7    1.397466E-7     false   625.0               
  16.05        3.750468E-7     1.2205906E-7    false   623.0529891184864   
  16.1         2.679502E-7     1.0484091E-7    false   621.117997705732    
  16.15        1.554241E-7     9.3336496E-8    false   619.1950610652738   
  16.2         4.8359112E-8    8.6718785E-8    false   617.2839215462805   
  16.25        7.5270655E-8    8.3041584E-8    false   615.3846153846154   
  16.3         3.1677365E-7    9.734382E-8     false   613.4969612307384   
  16.35        8.15276E-7      1.6641725E-7    false   611.6207808370146   
  16.4         1.5962091E-6    3.0437752E-7    false   609.7561117441156   
  16.45        2.5181039E-6    5.108211E-7     false   607.9027073682091   
  16.5         3.337112E-6     7.35254E-7      false   606.060606060606    
  16.55        3.6323706E-6    8.369999E-7     false   604.2296351051739   
  16.6         2.8976506E-6    7.8272024E-7    false   602.4096247107809   
  16.65        2.2544361E-6    6.7379045E-7    false   600.6006143610181   
  16.7         2.3445937E-6    6.221347E-7     false   598.8023678532962   
  16.75        2.2894678E-6    6.001603E-7     false   597.0149253731344   
  16.8         1.8875539E-6    5.453482E-7     false   595.2381222696814   
  16.85        1.7340143E-6    4.5528893E-7    false   593.471796653322    
  16.9         1.967563E-6     4.1391456E-7    false   591.7159896876768   
  16.95        2.8749257E-6    5.38649E-7      false   589.9704749196607   
  17.0         4.5032016E-6    8.8887305E-7    false   588.235294117647    
  17.05        5.7594375E-6    1.3044898E-6    false   586.5102901743015   
  17.1         7.1896643E-6    1.562356E-6     false   584.7953085917131   
  17.15        7.716681E-6     1.5982152E-6    false   583.0903919785034   
  17.2         6.5604668E-6    1.5210346E-6    false   581.395323048289    
  17.25        6.1091373E-6    1.4208689E-6    false   579.7101449275362   
  17.3         6.5523777E-6    1.2945328E-6    false   578.0347075725713   
  17.35        5.9627378E-6    1.1410546E-6    false   576.3688634082263   
  17.4         4.3676937E-6    9.855346E-7     false   574.7126562779011   
  17.45        3.3332822E-6    8.5677874E-7    false   573.0658775235205   
  17.5         3.4414236E-6    7.579613E-7     false   571.4285714285713   
  17.55        3.4468133E-6    6.698103E-7     false   569.8005945711313   
  17.6         2.9040048E-6    5.795352E-7     false   568.1818058668092   
  17.65        2.4436895E-6    4.9308335E-7    false   566.5722502056749   
  17.7         2.1711285E-6    4.1655653E-7    false   564.971727059931    
  17.75        1.6789987E-6    3.454813E-7     false   563.3802816901409   
  17.8         1.4336666E-6    2.853647E-7     false   561.7977768886342   
  17.85        1.3200146E-6    2.3818863E-7    false   560.224077663388    
  17.9         1.1380326E-6    1.9958512E-7    false   558.65922978277     
  17.95        9.2903286E-7    1.6661097E-7    false   557.1030403879727   
  18.0         7.813617E-7     1.4057727E-7    false   555.5555555555555   
  18.05        5.48186E-7      1.1519045E-7    false   554.0166439158535   
  18.1         3.5580612E-7    9.368169E-8     false   552.4861762012845   
  18.15        2.5098362E-7    7.6891624E-8    false   550.9641989077776   
  18.2         1.9075236E-7    6.253315E-8     false   549.4505264177207   
  18.25        1.5081532E-7    4.924977E-8     false   547.945205479452    
  18.3         1.3383493E-7    3.8326764E-8    false   546.4481102134876   
  18.35        1.1466842E-7    2.9391746E-8    false   544.9591167364902   
  18.4         8.948951E-8     2.2294495E-8    false   543.4782721369842   
  18.45        6.713644E-8     1.7139426E-8    false   542.0053976413386   
  18.5         5.114418E-8     1.3546526E-8    false   540.5405405405405   
  18.55        4.2821693E-8    1.131596E-8     false   539.0835801233494   
  18.6         3.6489762E-8    9.736153E-9     false   537.6343975757394   
  18.65        2.9860978E-8    8.2771585E-9    false   536.1930404579847   
  18.7         2.2865823E-8    6.865824E-9     false   534.7593364711767   
  18.75        1.5542875E-8    5.7964957E-9    false   533.3333333333334   
  18.8         9.69651E-9      4.908082E-9     false   531.9149152031316   
  18.85        8.277316E-9     4.207945E-9     false   530.503968043968    
  18.9         8.7079295E-9    3.7550705E-9    false   529.100539779674    
  18.95        8.496151E-9     3.5217775E-9    false   527.7044642423981   
  19.0         8.148928E-9     3.4062921E-9    false   526.3157894736842   
  19.05        6.605393E-9     3.1366036E-9    false   524.9344042253632   
  19.1         4.7821436E-9    2.73072E-9      false   523.5601989674154   
  19.15        4.5163717E-9    2.4663358E-9    false   522.1932218903867   
  19.2         5.423327E-9     2.4506985E-9    false   520.8333126372769   
  19.25        5.1691162E-9    2.3799978E-9    false   519.4805194805194   
  19.3         4.4960307E-9    2.1740814E-9    false   518.1347355080534   
  19.35        4.3239083E-9    2.0138708E-9    false   516.7958554448592   
  19.4         4.9799898E-9    2.0475517E-9    false   515.4639276615404   
  19.45        5.8863785E-9    2.1900635E-9    false   514.1387973132765   
  19.5         5.615567E-9     2.1591142E-9    false   512.8205128205128   
  19.55        4.8784616E-9    2.0312476E-9    false   511.5089713683056   
  19.6         4.8390767E-9    1.9868582E-9    false   510.2040717026833   
  19.65        5.037617E-9     1.992784E-9     false   508.905862296803    
  19.7         4.4903805E-9    1.9247524E-9    false   507.6141935391424   
  19.75        3.7335415E-9    1.8498051E-9    false   506.32911392405066  
  19.8         3.8018015E-9    1.7536298E-9    false   505.0505245112612   
  19.85        4.056269E-9     1.676692E-9     false   503.7783278500665   
  19.9         3.763201E-9     1.6239572E-9    false   502.5125724469012   
  19.95        3.5778562E-9    1.6163081E-9    false   501.2531136628683   
  20.0         4.6573434E-9    1.6887527E-9    false   500.0               
  20.05        4.9062E-9       1.68037E-9      false   498.7531361854585   
  20.1         3.933395E-9     1.5429658E-9    false   497.5124283688592   
  20.15        2.6065656E-9    1.3691042E-9    false   496.2779250280399   
  20.2         1.6844771E-9    1.2178941E-9    false   495.0494862528325   
  20.25        1.3166273E-9    1.1058526E-9    false   493.8271604938272   
  20.3         1.4270165E-9    1.0608144E-9    false   492.610855952328    
  20.35        1.2431669E-9    1.0111539E-9    false   491.4004821889726   
