# WAVENUMBER   TRANSMISSION   UNCERTAINTY     FLAG    lambda              
  8.751542     1.1019523E-9   3.1441778E-12   false   1142.6557623326228  
  8.768405     1.2432277E-9   8.663546E-12    false   1140.4582754671108  
  8.785267     1.4040596E-9   6.921862E-12    false   1138.2693480908638  
  8.80213      1.5873581E-9   1.1161641E-11   false   1136.088684120029   
  8.818992     1.7964995E-9   1.7903713E-11   false   1133.916482100936   
  8.835854     2.0354198E-9   1.20983E-11     false   1131.752570732377   
  8.852716     2.3086695E-9   1.4202956E-11   false   1129.5967809525328  
  8.869578     2.6215823E-9   1.680858E-11    false   1127.4493095854632  
  8.886441     2.9803664E-9   1.8069993E-11   false   1125.309867055644   
  8.903303     3.392255E-9    2.0969068E-11   false   1123.1786490484467  
  8.920165     3.8657433E-9   2.3278364E-11   false   1121.055488385007   
  8.937028     4.410788E-9    3.3636736E-11   false   1118.9402200561658  
  8.95389      5.039034E-9    5.4876187E-11   false   1116.8330380535008  
  8.970753     5.764217E-9    8.004141E-11    false   1114.7336590933348  
  8.987615     6.602498E-9    5.7469387E-11   false   1112.6422760474977  
  9.0044775    7.5729405E-9   5.7845426E-11   false   1110.5586080906144  
  9.021339     8.698114E-9    5.0815085E-11   false   1108.4828469823121  
  9.038201     1.0004617E-8   7.9638456E-11   false   1106.414831067396   
  9.055064     1.1524201E-8   8.980709E-11    false   1104.3544007676521  
  9.071926     1.3294454E-8   9.1250986E-11   false   1102.3017461885304  
  9.088789     1.536019E-8    1.3011249E-10   false   1100.256592509396   
  9.105651     1.7774854E-8   1.362554E-10    false   1098.2191287422756  
  9.122514     2.0602442E-8   1.2239236E-10   false   1096.1890824135405  
  9.139376     2.3919485E-8   2.6585942E-10   false   1094.1666414492668  
  9.156238     2.7818155E-8   2.764637E-10    false   1092.1516494460843  
  9.1731       3.2409208E-8   4.2644457E-10   false   1090.1439519901508  
  9.189962     3.7826297E-8   1.6765611E-9    false   1088.1437353925864  
  9.206825     4.4231157E-8   4.603932E-10    false   1086.150732914746   
  9.223687     5.18198E-8     3.119981E-10    false   1084.1651298003658  
  9.240549     6.0830985E-8   5.9885025E-10   false   1082.1867732406631  
  9.257412     7.1555554E-8   9.386828E-10    false   1080.2155123569344  
  9.274274     8.434866E-8    5.1905197E-10   false   1078.2515308056809  
  9.291137     9.964645E-8    6.6249195E-10   false   1076.2945674004613  
  9.307999     1.1798471E-7   1.1182454E-9    false   1074.3448047487823  
  9.324862     1.4002529E-7   9.0696756E-10   false   1072.4019838356708  
  9.341723     1.6658603E-7   9.0050445E-10   false   1070.4662862269406  
  9.358585     1.9868386E-7   1.2975518E-9    false   1068.5375639394658  
  9.375448     2.3758581E-7   1.4057232E-9    false   1066.6156708409326  
  9.39231      2.848759E-7    2.6683964E-9    false   1064.7007869482527  
  9.409173     3.4254418E-7   2.0283049E-9    false   1062.792658555702   
  9.426035     4.1310093E-7   3.1181928E-9    false   1060.8914646566127  
  9.442898     4.9972135E-7   2.9587224E-9    false   1058.9969536224262  
  9.45976      6.06445E-7     4.759659E-9     false   1057.1093034300786  
  9.476622     7.384308E-7    3.185633E-9     false   1055.2283706945325  
  9.4934845    9.023054E-7    3.9535064E-9    false   1053.3540138066269  
  9.510346     1.1066159E-6   6.466129E-9     false   1051.4864092321136  
  9.527209     1.3624481E-6   3.733647E-8     false   1049.6253104228297  
  9.544071     1.6842816E-6   1.2854238E-8    false   1047.7708928459372  
  9.560933     2.09111E-6     9.755787E-9     false   1045.923016269233   
  9.577796     2.608033E-6    1.776512E-8     false   1044.0815421853547  
  9.594658     3.2684393E-6   1.7244817E-8    false   1042.2466445768139  
  9.611521     4.1170806E-6   1.9778273E-8    false   1040.4180818204459  
  9.628383     5.2144715E-6   2.9244065E-8    false   1038.5960269177447  
  9.645246     6.6429425E-6   3.6419454E-8    false   1036.7802401734743  
  9.662107     8.515821E-6    4.26518E-8      false   1034.9708936150723  
  9.678969     1.0990333E-5   6.851471E-8     false   1033.1678512503775  
  9.695832     1.4287387E-5   5.8512033E-8    false   1031.370978743888   
  9.712694     1.8720775E-5   1.0662769E-7    false   1029.5804466749366  
  9.729557     2.4741947E-5   1.4416317E-7    false   1027.7960200662997  
  9.746419     3.3010503E-5   1.6475869E-7    false   1026.0178685404821  
  9.763282     4.4505374E-5   2.3488201E-7    false   1024.2457589677524  
  9.780144     6.0707018E-5   2.7507244E-7    false   1022.47986002061    
  9.797006     8.389879E-5    3.945936E-7     false   1020.7200397550644  
  9.8138685    1.1769635E-4   7.7962835E-7    false   1018.9661678191924  
  9.83073      1.6797897E-4   8.333471E-7     false   1017.218411473198   
  9.847593     2.4464412E-4   2.6631062E-6    false   1015.476542109927   
  9.864455     3.650572E-4    6.084937E-6     false   1013.7407260564495  
  9.881317     5.613249E-4    8.4527965E-6    false   1012.0108341491888  
  9.89818      8.970206E-4    5.2646537E-6    false   1010.2867387725631  
  9.915042     0.0015105442   5.2452947E-6    false   1008.5686048664597  
  9.931905     0.0027489003   7.947715E-6     false   1006.8562082133348  
  9.948767     0.005716296    2.7252612E-5    false   1005.1497128365522  
  9.96563      0.027707791    1.6940346E-4    false   1003.4488962383681  
  9.9824915    0.042975333    2.4464764E-4    false   1001.7539215321932  
  9.999353     0.06625756     1.9839885E-4    false   1000.0646632997243  
  10.016216    0.08751274     2.692779E-4     false   998.3809976116763   
  10.033078    0.10866719     4.7693186E-4    false   996.703086228767    
  10.049941    0.15130839     6.14257E-4      false   995.0307108654129   
  10.066803    0.1634719      4.748964E-4     false   993.3640323886149   
  10.083666    0.173045       7.2716357E-4    false   991.7028341635544   
  10.100528    0.19381146     6.960799E-4     false   990.0472761699343   
  10.11739     0.24655525     9.1861805E-4    false   988.397236571874    
  10.134253    0.3088646      0.0012608174    false   986.7525949665244   
  10.151114    0.33719316     0.0014046013    false   985.1135100145949   
  10.167977    0.37743166     0.0015182665    false   983.479769125513    
  10.184839    0.39908668     0.0013528247    false   981.8515300885485   
  10.201701    0.42609584     0.0013816465    false   980.2286735321637   
  10.218564    0.4567505      0.0020124959    false   978.6110814795901   
  10.235426    0.48838994     0.0020056197    false   976.9989104246846   
  10.252289    0.47810832     0.001964543     false   975.3919517066679   
  10.269151    0.4726876      0.0018570051    false   973.7903609635415   
  10.286014    0.47816613     0.0019957735    false   972.19393107538     
  10.3028755   0.50049347     0.0015959231    false   970.6028168304863   
  10.319737    0.52592075     0.0016152585    false   969.0169021818535   
  10.3366      0.52456564     0.001815925     false   967.4360724259556   
  10.353462    0.5299186      0.001967435     false   965.8604810880078   
  10.370325    0.5627288      0.0017805144    false   964.2899248248632   
  10.387187    0.5836826      0.0018081082    false   962.7245563272402   
  10.40405     0.55754244     0.0014692973    false   961.1641737332549   
  10.420912    0.527436       0.0017446226    false   959.6089289051331   
  10.437774    0.5464437      0.0021815032    false   958.0587089813162   
  10.454637    0.5600619      0.001978358     false   956.5134023949505   
  10.4714985   0.5137101      0.0016103712    false   954.9731597766954   
  10.488361    0.4655543      0.0015635693    false   953.4377828963568   
  10.505223    0.46557137     0.001302096     false   951.9074215709193   
  10.522085    0.4950038      0.0017640061    false   950.3819651332532   
  10.538948    0.50686944     0.0018563748    false   948.8613041775466   
  10.55581     0.51373595     0.0013965518    false   947.3455873112415   
  10.572673    0.50665647     0.001300197     false   945.834619836769    
  10.589535    0.4791083      0.0013212254    false   944.3285495624433   
  10.606398    0.47149897     0.00124311      false   942.8271831768302   
  10.62326     0.5135351      0.0015814832    false   941.3306676948587   
  10.640121    0.55785036     0.0018158245    false   939.8388954139544   
  10.656984    0.544794       0.0018510686    false   938.351759848042    
  10.673846    0.51320195     0.001497965     false   936.8694068326558   
  10.690709    0.5350549      0.0016766785    false   935.391646456327    
  10.707571    0.59191096     0.002178007     false   933.9186237753727   
  10.724433    0.6125487      0.002490525     false   932.4502331312326   
  10.741296    0.58333576     0.002066019     false   930.9863700511362   
  10.758158    0.59428394     0.0016354622    false   929.5271784330574   
  10.775021    0.6496006      0.0016197116    false   928.0724716748207   
  10.7918825   0.7058982      0.0016260026    false   926.6223929090821   
  10.808745    0.71360654     0.001778459     false   925.1767568327314   
  10.825607    0.7225788      0.0017151316    false   923.7357058185934   
  10.842469    0.77772146     0.002188972     false   922.2991369717691   
  10.859332    0.8258317      0.002933074     false   920.8669485418907   
  10.876194    0.8275404      0.0032307145    false   919.4392817722382   
  10.893057    0.7951543      0.0028187542    false   918.0159545474522   
  10.909919    0.7551104      0.0029286277    false   916.5971073645097   
  10.926782    0.74739647     0.002079499     false   915.1825593597102   
  10.943644    0.7789962      0.002756301     false   913.7724502890658   
  10.9605055   0.81323034     0.0028176676    false   912.3666799124992   
  10.96113     0.8136068      0.0026779037    true    912.3146856444529   
  10.962802    0.81411403     0.0026779037    true    912.175560668936    
  10.964474    0.8138582      0.0026779037    true    912.0364781191474   
  10.9661455   0.81281483     0.0026779037    true    911.8974379756839   
  10.967817    0.8109779      0.0026779037    true    911.758440219154    
  10.969489    0.8083608      0.0026779037    true    911.6194848301777   
  10.97116     0.804996       0.0026779037    true    911.480651020354    
  10.972832    0.80093426     0.0026779037    true    911.341780284252    
  10.9745035   0.7962428      0.0026779037    true    911.2029518576461   
  10.976175    0.7910031      0.0026779037    true    911.0641657212037   
  10.977368    0.78697866     0.002667567     false   910.965149095117    
  10.977847    0.7853085      0.002385983     true    910.9254218556043   
  10.979519    0.7792606      0.002385983     true    910.7867202415387   
  10.981191    0.7729665      0.002385983     true    910.6480608597093   
  10.982862    0.7665357      0.002385983     true    910.509443690831    
  10.984533    0.76007706     0.002385983     true    910.3709477537911   
  10.986205    0.7536964      0.002385983     true    910.2324149289518   
  10.987877    0.747494       0.002385983     true    910.0939242592884   
  10.989549    0.7415632      0.002385983     true    909.9554757255621   
  10.99122     0.7359891      0.002385983     true    909.8170693085457   
  10.992892    0.7308474      0.002385983     true    909.6787049890245   
  10.99423     0.72708803     0.002371772     false   909.5679964914124   
  10.994564    0.72620445     0.0022511005    true    909.5403827477942   
  10.996236    0.72211635     0.0022511005    true    909.4021025656635   
  10.997907    0.7186296      0.0022511005    true    909.263943269511    
  10.999578    0.7157805      0.0022511005    true    909.1257471240849   
  11.00125     0.7135958      0.0022511005    true    908.9875929802636   
  11.002922    0.71209216     0.0022511005    true    908.849480818902    
  11.004594    0.7112764      0.0022511005    true    908.7114106208662   
  11.006266    0.71114516     0.0022511005    true    908.5733823670342   
  11.007937    0.71168476     0.0022511005    true    908.4353960382958   
  11.009608    0.71287096     0.0022511005    true    908.2975302940964   
  11.011093    0.7144367      0.002162382     false   908.1750443098405   
  11.01128     0.71466875     0.0018483149    true    908.1596277343714   
  11.012952    0.7170327      0.0018483149    true    908.021767042489    
  11.014624    0.719907       0.0018483149    true    907.8839481993858   
  11.016295    0.7232264      0.0018483149    true    907.7461711860088   
  11.017967    0.72691756     0.0018483149    true    907.6084359833176   
  11.019639    0.7309001      0.0018483149    true    907.4707425722823   
  11.021311    0.73508936     0.0018483149    true    907.3330909338857   
  11.022982    0.7393982      0.0018483149    true    907.1955595368715   
  11.024653    0.7437402      0.0018483149    true    907.0579913629424   
  11.026325    0.74803233     0.0018483149    true    906.9204649046786   
  11.027955    0.7520955      0.0018830316    false   906.7864304770925   
  11.027997    0.7521976      0.002130427     true    906.7829801431083   
  11.029669    0.7561681      0.002130427     true    906.6455370592712   
  11.031341    0.7598871      0.002130427     true    906.5081356342188   
  11.033012    0.7633107      0.002130427     true    906.370775849014    
  11.034684    0.766409       0.002130427     true    906.2334576847306   
  11.036355    0.76916647     0.002130427     true    906.0962594201042   
  11.038027    0.7715816      0.002130427     true    905.9590244172172   
  11.039699    0.7736652      0.002130427     true    905.8218309785544   
  11.04137     0.77543885     0.002130427     true    905.6846790852358   
  11.043042    0.77693224     0.002130427     true    905.5475687183929   
  11.044714    0.77817994     0.0021697755    true    905.4104998591687   
  11.044817    0.77825016     0.0021697755    false   905.4020565859017   
  11.046386    0.7792185      0.0022886477    true    905.2734724887173   
  11.048058    0.78008324     0.0022886477    true    905.1364865882047   
  11.049728    0.7808051      0.0022886477    true    904.9996202470467   
  11.0514      0.7814086      0.0022886477    true    904.8627172063248   
  11.053072    0.7819096      0.0022886477    true    904.725855579118    
  11.054744    0.7823146      0.0022886477    true    904.5890353466377   
  11.056416    0.78262043     0.0022886477    true    904.4522564901066   
  11.058087    0.782815       0.0022886477    true    904.3155189907587   
  11.059759    0.78287864     0.0022886477    true    904.1788228298392   
  11.061431    0.7827866      0.0022859871    true    904.042167988605    
  11.06168     0.7827585      0.0022859871    false   904.0218253071899   
  11.063102    0.7825116      0.0022156334    true    903.9056323678377   
  11.064774    0.78202665     0.0022156334    true    903.7690600862452   
  11.066445    0.7813086      0.0022156334    true    903.6325290681866   
  11.068117    0.78034055     0.0022156334    true    903.4960392949639   
  11.069789    0.779115       0.0022156334    true    903.3595907478905   
  11.071461    0.7776352      0.0022156334    true    903.2231834082907   
  11.0731325   0.7759169      0.0022156334    true    903.0868172575005   
  11.074803    0.7739882      0.0022156334    true    902.950570031809    
  11.076475    0.7718895      0.0022156334    true    902.8142861792206   
  11.078147    0.7696719      0.002166094     true    902.6780434595278   
  11.078542    0.76913536     0.002166094     false   902.6458734856815   
  11.079819    0.76739544     0.0019630063    true    902.5418418541109   
  11.0814905   0.76512575     0.0019630063    true    902.4056813443623   
  11.083162    0.76293176     0.0019630063    true    902.269561911685    
  11.084834    0.7608818      0.0019630063    true    902.1334835374937   
  11.086506    0.75904053     0.0019630063    true    901.9974462032143   
  11.088177    0.7574661      0.0019630063    true    901.8615274577795   
  11.0898485   0.756207       0.0019630063    true    901.7255721242608   
  11.09152     0.75530064     0.0019630063    true    901.5896577750087   
  11.093192    0.75477153     0.0019630063    true    901.453784391494    
  11.094864    0.75463104     0.0019630063    true    901.317951955198    
  11.095405    0.7546741      0.0019643474    false   901.2740263228579   
  11.096536    0.75487727     0.0020021868    true    901.182160447614    
  11.098207    0.7554961      0.0020021868    true    901.0464098502455   
  11.099879    0.75646234     0.0020021868    true    900.9107001446077   
  11.10155     0.75774217     0.0020021868    true    900.7751086929537   
  11.103222    0.7592948      0.0020021868    true    900.6394806920671   
  11.104894    0.7610752      0.0020021868    true    900.5038935275337   
  11.106565    0.76303625     0.0020021868    true    900.3683471809136   
  11.108237    0.76513106     0.0020021868    true    900.2328416337771   
  11.109909    0.76731473     0.0020021868    true    900.0973768677062   
  11.111581    0.76954615     0.0020021868    true    899.9619528642936   
  11.112267    0.7704502      0.0020018572    false   899.9064199485482   
  11.113253    0.7717888      0.0022064163    true    899.8265696051433   
  11.1149235   0.7740117      0.0022064163    true    899.6913042665014   
  11.116595    0.7761897      0.0022064163    true    899.5560024175155   
  11.118267    0.7783033      0.0022064163    true    899.4207412576807   
  11.119939    0.7803386      0.0022064163    true    899.2855207686451   
  11.121611    0.7822863      0.0022064163    true    899.1503409320679   
  11.123282    0.7841415      0.0022064163    true    899.0152017296193   
  11.124954    0.78590286     0.0022064163    true    898.8801031429806   
  11.126625    0.7875719      0.0022064163    true    898.745122186193    
  11.128297    0.7891524      0.0022064163    true    898.6101047531185   
  11.129129    0.78990453     0.0021936588    false   898.5428807399104   
  11.129969    0.7906497      0.0022460413    true    898.4751278809742   
  11.13164     0.79207075     0.0022460413    true    898.3401915514851   
  11.133312    0.79342306     0.0022460413    true    898.2052957463875   
  11.134984    0.7947148      0.0022460413    true    898.0704404474285   
  11.136656    0.79595405     0.0022460413    true    897.9356256363662   
  11.138328    0.7971488      0.0022460413    true    897.8008512949699   
  11.139998    0.79830617     0.0022460413    true    897.6661942525277   
  11.14167     0.79943174     0.0022460413    true    897.5315007727542   
  11.143342    0.80052936     0.0022460413    true    897.3968477080298   
  11.145014    0.8016001      0.0022460413    true    897.2622350401673   
  11.145991    0.80223185     0.0022514611    false   897.1835441169688   
  11.146686    0.8026417      0.0022401654    true    897.1276627509905   
  11.148357    0.8036481      0.0022401654    true    896.9931308223338   
  11.150029    0.80460906     0.0022401654    true    896.8586392360429   
  11.151701    0.8055099      0.0022401654    true    896.7241879739744   
  11.153372    0.8063319      0.0022401654    true    896.5898536813269   
  11.155044    0.8070525      0.0022401654    true    896.4554829903382   
  11.156715    0.8076468      0.0022401654    true    896.3211525692166   
  11.158387    0.80808854     0.0022401654    true    896.1868623998615   
  11.160059    0.80835205     0.0022401654    true    896.052612464184    
  11.161731    0.8084144      0.0022401654    true    895.9184027441055   
  11.162853    0.80833083     0.0022692834    false   895.8283141536596   
  11.163403    0.8082576      0.0025683523    true    895.7842332215585   
  11.165074    0.8078711      0.0025683523    true    895.650103878486    
  11.166745    0.80725384     0.0025683523    true    895.5160911766586   
  11.168417    0.80641645     0.0025683523    true    895.3820421155135   
  11.170089    0.8053827      0.0025683523    true    895.2480331797477   
  11.171761    0.8041902      0.0025683523    true    895.1140643513477   
  11.173432    0.80289084     0.0025683523    true    894.9801356123102   
  11.175104    0.8015498      0.0025683523    true    894.8462469446437   
  11.176776    0.8002443      0.0025683523    true    894.7123983303666   
  11.178448    0.7990607      0.0025683523    true    894.5785897515086   
  11.179716    0.79829794     0.0025808609    false   894.4770959657869   
  11.180119    0.79809165     0.0027593947    true    894.4448974870692   
  11.18179     0.797432       0.0027593947    true    894.3111689023677   
  11.183462    0.7971744      0.0027593947    true    894.1774802992484   
  11.185134    0.79740465     0.0027593947    true    894.0438316597837   
  11.186806    0.79819703     0.0027593947    true    893.9102229660562   
  11.1884775   0.79961014     0.0027593947    true    893.7766542001602   
  11.190149    0.8016827      0.0027593947    true    893.6431253442003   
  11.19182     0.80443066     0.0027593947    true    893.50971251779     
  11.193492    0.807845       0.0027593947    true    893.3762634053172   
  11.195164    0.8118907      0.0027593947    true    893.242854149168    
  11.196578    0.8157621      0.0027915572    false   893.1300239181368   
  11.1968355   0.816507       0.003223227     true    893.1094847314899   
  11.198507    0.8216084      0.003223227     true    892.9761551344409   
  11.200179    0.8270878      0.003223227     true    892.8428653401893   
  11.201851    0.8328194      0.003223227     true    892.7096153309146   
  11.203523    0.8386637      0.003223227     true    892.5764050888064   
  11.205194    0.8444722      0.003223227     true    892.4432345960654   
  11.206865    0.85009325     0.003223227     true    892.3101797681098   
  11.208537    0.8553774      0.003223227     true    892.177088698097    
  11.210209    0.86018306     0.003223227     true    892.0440373241265   
  11.211881    0.8643817      0.003223227     true    891.9110256284412   
  11.213441    0.8676535      0.0032609263    false   891.7869272746678   
  11.213552    0.8678621      0.003398802     true    891.7780535932947   
  11.215224    0.87053424     0.003398802     true    891.6451212009509   
  11.216896    0.87233204     0.003398802     true    891.5122284336844   
  11.218567    0.87321496     0.003398802     true    891.3794510486657   
  11.220239    0.8731689      0.003398802     true    891.2466374558414   
  11.22191     0.8722057      0.003398802     true    891.113863434992    
  11.223582    0.870362       0.003398802     true    890.9811289684343   
  11.225254    0.8676972      0.003398802     true    890.8484340384954   
  11.226926    0.8642906      0.003398802     true    890.7157786275137   
  11.228598    0.86023825     0.003398802     true    890.5831627178374   
  11.230269    0.8556496      0.0034059961    true    890.4505862918254   
  11.230303    0.85555196     0.0034059961    false   890.4479397029135   
  11.23194     0.85064334     0.0031450253    true    890.318124926396    
  11.233612    0.84534407     0.0031450253    true    890.1856273923331   
  11.235284    0.8398788      0.0031450253    true    890.0531692890845   
  11.236956    0.8343732      0.0031450253    true    889.9207505990511   
  11.238627    0.82894903     0.0031450253    true    889.7883713046441   
  11.240299    0.82372147     0.0031450253    true    889.6560313882854   
  11.241971    0.8187968      0.0031450253    true    889.5237308324075   
  11.243642    0.81427073     0.0031450253    true    889.3915450567367   
  11.245314    0.8102271      0.0031450253    true    889.2593231467305   
  11.246985    0.8067366      0.003115441     true    889.1271405445744   
  11.247165    0.80640066     0.003115441     false   889.112966991074    
  11.248657    0.8038563      0.0028716382    true    888.9949972327428   
  11.250329    0.8016291      0.0028716382    true    888.8628931937195   
  11.252001    0.80008376     0.0028716382    true    888.73082841        
  11.253673    0.79923445     0.0028716382    true    888.5988028640891   
  11.255344    0.7990814      0.0028716382    true    888.4668165385029   
  11.257015    0.7996108      0.0028716382    true    888.3349446739179   
  11.258687    0.8007958      0.0028716382    true    888.2030367142207   
  11.260359    0.8025967      0.0028716382    true    888.0711679224672   
  11.262031    0.8049619      0.0028716382    true    887.9393382812146   
  11.263702    0.80782914     0.0028121884    true    887.8075477730303   
  11.264028    0.8084324      0.0028121884    false   887.7819159442795   
  11.265374    0.8111261      0.0027378928    true    887.6757963804923   
  11.267046    0.81477237     0.0027378928    true    887.5440840861886   
  11.268718    0.81868064     0.0027378928    true    887.4124108727179   
  11.270389    0.82275856     0.0027378928    true    887.2808518023442   
  11.27206     0.8269106      0.0027378928    true    887.1492566761074   
  11.273732    0.83104026     0.0027378928    true    887.0177005785711   
  11.275404    0.8350521      0.0027378928    true    886.8861834923748   
  11.277076    0.83885384     0.0027378928    true    886.7547054001689   
  11.278748    0.8423589      0.0027378928    true    886.6232662846134   
  11.280419    0.84548825     0.0027378928    true    886.4918661283792   
  11.2808895   0.84628314     0.002738763     false   886.4549191934648   
  11.282091    0.84817237     0.002838716     true    886.3605049141472   
  11.283762    0.8503532      0.002838716     true    886.2292575264019   
  11.285434    0.8519854      0.002838716     true    886.0979741220681   
  11.287106    0.8530376      0.002838716     true    885.9667296078507   
  11.288777    0.8534931      0.002838716     true    885.8355239664713   
  11.290449    0.85335004     0.002838716     true    885.7043571806624   
  11.292121    0.8526216      0.002838716     true    885.5732292331661   
  11.293793    0.8513348      0.002838716     true    885.4421401067351   
  11.2954645   0.84953004     0.002838716     true    885.3110897841324   
  11.297135    0.8472591      0.002838716     true    885.1801529726939   
  11.297752    0.84632665     0.002852827     false   885.1318088166076   
  11.298807    0.84458363     0.0028482936    true    885.0491801839655   
  11.300479    0.84157276     0.0028482936    true    884.9182461474244   
  11.302151    0.8383011      0.0028482936    true    884.7873508458747   
  11.3038225   0.83484584     0.0028482936    true    884.6564942621297   
  11.305494    0.8312844      0.0028482936    true    884.5256763790135   
  11.307166    0.82769215     0.0028482936    true    884.3948971793601   
  11.308837    0.8241399      0.0028482936    true    884.2642312160176   
  11.310509    0.82069206     0.0028482936    true    884.1335293097901   
  11.3121805   0.81740505     0.0028482936    true    884.0028660355982   
  11.313852    0.81432587     0.0028482936    true    883.8722413763165   
  11.314614    0.8129971      0.002852226     false   883.8127167596928   
  11.315524    0.8114915      0.0027612797    true    883.7416553148299   
  11.317196    0.8089285      0.0027612797    true    883.6111078340331   
  11.318868    0.80665314     0.0027612797    true    883.4805989168311   
  11.320539    0.80467206     0.0027612797    true    883.3501285461389   
  11.32221     0.8029833      0.0027612797    true    883.2197710988312   
  11.323882    0.80157727     0.0027612797    true    883.0893777479797   
  11.325554    0.8004385      0.0027612797    true    882.9590228924534   
  11.327226    0.7995474      0.0027612797    true    882.8287065152077   
  11.328897    0.7988813      0.0027612797    true    882.6984285992081   
  11.330569    0.7984168      0.0027612797    true    882.5681891274302   
  11.331477    0.79824364     0.002771129     false   882.4974762064869   
  11.332241    0.7981305      0.0028271803    true    882.4379880828593   
  11.333913    0.7980005      0.0028271803    true    882.3078254484907   
  11.335584    0.79800725     0.0028271803    true    882.177775425848    
  11.3372555   0.79813397     0.0028271803    true    882.0476895390249   
  11.338927    0.7983671      0.0028271803    true    881.9176420114608   
  11.340599    0.7986961      0.0028271803    true    881.7876328261916   
  11.342271    0.79911315     0.0028271803    true    881.6576619662626   
  11.343943    0.79961306     0.0028271803    true    881.52772941473     
  11.345614    0.80019224     0.0028271803    true    881.3978351546588   
  11.347286    0.8008484      0.0028271803    true    881.2679791691249   
  11.348339    0.8013008      0.0027734372    false   881.1862184228776   
  11.348957    0.8015802      0.0021936619    true    881.1382354849194   
  11.350629    0.8023864      0.0021936619    true    881.0084559759174   
  11.352301    0.8032663      0.0021936619    true    880.8787146907488   
  11.353972    0.80421925     0.0021936619    true    880.7490116125291   
  11.355644    0.8052451      0.0021936619    true    880.619346724384    
  11.357316    0.8063446      0.0021936619    true    880.4897200094482   
  11.358988    0.8075201      0.0021936619    true    880.3601314508677   
  11.360659    0.80877554     0.0021936619    true    880.2306549230499   
  11.36233     0.8101179      0.0021936619    true    880.1011426049123   
  11.364002    0.81155694     0.0021936619    true    879.9716683926346   
  11.365201    0.8126589      0.0022752138    false   879.8788515195207   
  11.365674    0.8131056      0.0027386819    true    879.8422322694014   
  11.367346    0.8147802      0.0027386819    true    879.7128342184077   
  11.369018    0.8165995      0.0027386819    true    879.5834742228581   
  11.370689    0.81858426     0.0027386819    true    879.4541522659673   
  11.372361    0.82075584     0.0027386819    true    879.3248683309595   
  11.374033    0.8231346      0.0027386819    true    879.1956224010689   
  11.375704    0.8257381      0.0027386819    true    879.0664881554692   
  11.377376    0.828579       0.0027386819    true    878.9373181638992   
  11.379047    0.8316632      0.0027386819    true    878.8081861272185   
  11.380719    0.8349875      0.0027386819    true    878.6790920286999   
  11.382064    0.83782375     0.0027116586    false   878.5752845904204   
  11.382391    0.83853877     0.00253066      true    878.5500358516274   
  11.384063    0.8422918      0.00253066      true    878.421017579294    
  11.385735    0.8462094      0.00253066      true    878.292037195003    
  11.387405    0.8502425      0.00253066      true    878.1631682266159   
  11.389077    0.85433054     0.00253066      true    878.0342635467684   
  11.390749    0.8584035      0.00253066      true    877.9053967049412   
  11.392421    0.8623842      0.00253066      true    877.776567684476    
  11.394093    0.86619085     0.00253066      true    877.6477764687252   
  11.395764    0.86974114     0.00253066      true    877.5190230410504   
  11.397436    0.8729554      0.00253066      true    877.3903073848234   
  11.398926    0.87547743     0.0024331098    false   877.2756478903405   
  11.399108    0.87576056     0.0019917085    true    877.2616294834253   
  11.400779    0.87809414     0.0019917085    true    877.1330626923583   
  11.402451    0.8799069      0.0019917085    true    877.0044602292876   
  11.404122    0.88116616     0.0019917085    true    876.875895471258    
  11.405794    0.8818572      0.0019917085    true    876.7473684016896   
  11.407466    0.8819847      0.0019917085    true    876.6188790040125   
  11.409138    0.88157237     0.0019917085    true    876.4904272616662   
  11.4108095   0.8806623      0.0019917085    true    876.3620131581004   
  11.41248     0.8793132      0.0019917085    true    876.2337098985004   
  11.414152    0.87759703     0.0019917085    true    876.105371001435    
  11.415789    0.8756414      0.002127176     false   875.9797773192735   
  11.415824    0.87559664     0.0024551575    true    875.9770696935656   
  11.417496    0.873401       0.0024551575    true    875.8488059583806   
  11.4191675   0.87110174     0.0024551575    true    875.7205797793778   
  11.420839    0.86878896     0.0024551575    true    875.5923911400648   
  11.422511    0.86654764     0.0024551575    true    875.4642400239585   
  11.424183    0.8644541      0.0024551575    true    875.3361264145859   
  11.425854    0.86257374     0.0024551575    true    875.2081233459056   
  11.4275255   0.86095905     0.0024551575    true    875.080084679247    
  11.429197    0.859649       0.0024551575    true    874.9520834699695   
  11.430869    0.8586686      0.0024551575    true    874.8241197016387   
  11.432541    0.85803026     0.0023922946    true    874.6961933578291   
  11.432651    0.85800034     0.0023922946    false   874.6878024638465   
  11.434213    0.8577348      0.0021942982    true    874.5683044221257   
  11.435884    0.8577742      0.0021942982    true    874.4404528781224   
  11.437556    0.8581337      0.0021942982    true    874.3126387094229   
  11.439227    0.85879487     0.0021942982    true    874.1849347793591   
  11.440899    0.8597384      0.0021942982    true    874.0571952908195   
  11.442571    0.8609464      0.0021942982    true    873.9294931284617   
  11.4442425   0.862405       0.0021942982    true    873.8018282759277   
  11.445914    0.86410564     0.0021942982    true    873.6742007168692   
  11.447586    0.8660464      0.0021942982    true    873.5466104349472   
  11.449258    0.86823237     0.0023031784    true    873.4190574138324   
  11.449513    0.868585       0.0023031784    false   873.3995602916452   
  11.45093     0.870675       0.002643888     true    873.2915416372051   
  11.4526005   0.8733917      0.002643888     true    873.1641357983673   
  11.454272    0.8764037      0.002643888     true    873.0366944405706   
  11.455944    0.8797345      0.002643888     true    872.9092902783683   
  11.457616    0.8834076      0.002643888     true    872.7819232954789   
  11.459288    0.88744354     0.002643888     true    872.6545934756299   
  11.460959    0.89185804     0.002643888     true    872.5273008025588   
  11.462631    0.8966592      0.002643888     true    872.400045260012    
  11.464303    0.9018457      0.002643888     true    872.2728268317462   
  11.465974    0.90740496     0.002855506     true    872.1457180416279   
  11.466375    0.9087939      0.002855506     false   872.115179725877    
  11.467646    0.913312       0.0035812836    true    872.0185737720815   
  11.469317    0.9195287      0.0035812836    true    871.8914665681503   
  11.470989    0.9260039      0.0035812836    true    871.7643964136291   
  11.472661    0.9326736      0.0035812836    true    871.637363292321    
  11.474333    0.9394625      0.0035812836    true    871.5103671880389   
  11.476005    0.9462851      0.0035812836    true    871.3834080846054   
  11.477675    0.9530486      0.0035812836    true    871.2565583581181   
  11.479347    0.9596547      0.0035812836    true    871.1296731868025   
  11.481019    0.966003       0.0035812836    true    871.0028249678682   
  11.482691    0.97199416     0.0035812836    true    870.8760136851755   
  11.483237    0.9738585      0.0035834133    false   870.8345711132927   
  11.484363    0.9775332      0.0036334486    true    870.7492393225939   
  11.486034    0.98253286     0.0036334486    true    870.6225018640018   
  11.487706    0.98691684     0.0036334486    true    870.4958012932879   
  11.489378    0.99062294     0.0036334486    true    870.3691375943495   
  11.49105     0.9936057      0.0036334486    true    870.2425107510938   
  11.492721    0.99583864     0.0036334486    true    870.1159929502892   
  11.494392    0.9973159      0.0036334486    true    869.9894397491558   
  11.496064    0.99805284     0.0036334486    true    869.8629233554914   
  11.497736    0.99808645     0.0036334486    true    869.73644375324     
  11.499408    0.99747425     0.0036334486    true    869.6100009263557   
  11.5001      0.9970575      0.0036558292    false   869.5576457518865   
  11.50108     0.99629253     0.003700401     true    869.4835948588014   
  11.502751    0.9946338      0.003700401     true    869.3572255345496   
  11.504422    0.99260336     0.003700401     true    869.2309649936282   
  11.506094    0.9903151      0.003700401     true    869.1046690869981   
  11.507766    0.98788667     0.003700401     true    868.9784098756527   
  11.509438    0.98543483     0.003700401     true    868.8521873436014   
  11.511109    0.98307014     0.003700401     true    868.7260014748631   
  11.512781    0.980892       0.003700401     true    868.599852253466    
  11.514453    0.9789846      0.003700401     true    868.4737396634476   
  11.516125    0.97741294     0.003700401     true    868.3476636888544   
  11.516962    0.9767628      0.0037067865    false   868.2845315785072   
  11.517796    0.9762204      0.0036941858    true    868.2216962025568   
  11.519467    0.97542727     0.0036941858    true    868.0956933901272   
  11.521139    0.9750304      0.0036941858    true    867.9697271453274   
  11.522811    0.9750047      0.0036941858    true    867.8437974522417   
  11.524483    0.9753052      0.0036941858    true    867.7179042949626   
  11.5261545   0.9758712      0.0036941858    true    867.5920476575926   
  11.527826    0.97663057     0.0036941858    true    867.466227524243    
  11.529497    0.9775055      0.0036941858    true    867.340515621999    
  11.531169    0.9784177      0.0036941858    true    867.2147684282601   
  11.532841    0.97929454     0.0036941858    true    867.0890576909402   
  11.533825    0.97975576     0.0036009245    false   867.0150681837049   
  11.5345125   0.980074       0.0029163877    true    866.9633833941873   
  11.536184    0.9807092      0.0029163877    true    866.8377455221588   
  11.537856    0.98117185     0.0029163877    true    866.7121440590217   
  11.539528    0.98145384     0.0029163877    true    866.5865789889515   
  11.5412      0.98156816     0.0029163877    true    866.461050296133    
  11.542871    0.9815472      0.0029163877    true    866.3355579647605   
  11.544542    0.9814403      0.0029163877    true    866.2101735351288   
  11.546214    0.98130953     0.0029163877    true    866.0847538585472   
  11.547886    0.98122466     0.0029163877    true    865.9593704960575   
  11.549558    0.9812571      0.0029163877    true    865.8340234318908   
  11.550687    0.9816         0.0029135128    false   865.7493828525353   
  11.567549    0.99597526     0.002559622     false   864.4873874784472   
  11.584412    0.99230576     0.0026164132    false   863.2289948840615   
  11.601274    0.96981615     0.002508325     false   861.9743313853386   
  11.618136    0.9645686      0.003107749     false   860.723239131807    
  11.634998    0.94292223     0.0035915824    false   859.4758437990259   
  11.651861    0.91647017     0.0028089804    false   858.2319885426763   
  11.668723    0.9416177      0.0026311083    false   856.9917984024086   
  11.685586    0.9956344      0.0024896923    false   855.7551175302829   
  11.702448    1.0            0.002091918     false   854.5220703344969   
  11.71931     0.9952905      0.002527061     false   853.2925713916497   
  11.736173    0.9690039      0.0026300026    false   852.0665361694922   
  11.753035    0.94530535     0.0022412823    false   850.8440881373261   
  11.769897    0.9443026      0.0026771275    false   849.6250738962237   
  11.786759    0.9558956      0.00281807      false   848.4096162950158   
  11.803621    0.94797385     0.0029023318    false   847.1976313473206   
  11.820484    0.94810915     0.0024107944    false   845.9890359376882   
  11.837346    0.9499781      0.0023929633    false   844.7839519923572   
  11.854209    0.96030736     0.0024647817    false   843.5822285030641   
  11.871071    0.9393772      0.0026299993    false   842.3839867863352   
  11.887934    0.91933805     0.0017329353    false   841.1890767742589   
  11.904796    0.94645816     0.0028894283    false   839.9976191778906   
  11.921658    0.9596918      0.0028645312    false   838.8095319614065   
  11.93852     0.9334547      0.002618074     false   837.6247339326302   
  11.955382    0.89808655     0.0027154447    false   836.4433449022972   
  11.972245    0.876038       0.0024796142    false   835.2652171145825   
  11.989107    0.871059       0.0022523259    false   834.0904697852045   
  12.005969    0.8863111      0.0023468651    false   832.9190222295018   
  12.022832    0.9170042      0.0029477065    false   831.7507945876739   
  12.039694    0.94911057     0.003036512     false   830.5859051906391   
  12.056557    0.9698955      0.003084233     false   829.4242085406546   
  12.073419    0.95122457     0.0021336786    false   828.2658223838631   
  12.0902815   0.8894029      0.0023008871    false   827.1106021110182   
  12.107143    0.86859995     0.002283817     false   825.9586648875251   
  12.124005    0.9143886      0.002361903     false   824.8099318639172   
  12.140868    0.9329574      0.0015929037    false   823.6643249902224   
  12.15773     0.89923906     0.0019121538    false   822.521960568245    
  12.174593    0.82696867     0.0020972674    false   821.3826961740363   
  12.191455    0.7585736      0.0021100622    false   820.2466475386132   
  12.208318    0.7575424      0.0019501472    false   819.1136730980462   
  12.22518     0.802519       0.0017121446    false   817.983888016488    
  12.242042    0.841696       0.0017611696    false   816.857215216577    
  12.258904    0.7910954      0.0017546384    false   815.7335783961172   
  12.275766    0.736286       0.0017204259    false   814.6130918762587   
  12.292629    0.7466755      0.001834333     false   813.4956162087165   
  12.309491    0.75042367     0.0017032917    false   812.3812651574436   
  12.326353    0.7266368      0.001556388     false   811.2699628738399   
  12.343216    0.71521425     0.0018841393    false   810.161634267701    
  12.360078    0.69916177     0.0015778006    false   809.0563922743299   
  12.376941    0.66648054     0.001289602     false   807.9540995131591   
  12.393803    0.6576483      0.0014649219    false   806.8548683717656   
  12.4106655   0.6534337      0.0017231737    false   805.758562283581    
  12.427527    0.6292332      0.0015311076    false   804.6652930921903   
  12.444389    0.61530584     0.0012664365    false   803.5749866195495   
  12.461252    0.6192872      0.0013350004    false   802.4875694233452   
  12.478114    0.606361       0.0013092139    false   801.4031525381163   
  12.494977    0.58647543     0.0015525218    false   800.321601400343    
  12.511839    0.5410153      0.0012500216    false   799.2430265097738   
  12.528701    0.5080803      8.9734E-4       false   798.1673548474021   
  12.545564    0.526516       0.0010750254    false   797.0945141143159   
  12.562426    0.5793792      0.0014697282    false   796.0246140148785   
  12.5792885   0.6125409      0.0013284386    false   794.9575219440894   
  12.59615     0.59359807     0.0011817631    false   793.8933470805354   
  12.613013    0.5704839      0.0012544784    false   792.8319575904586   
  12.629875    0.59645194     0.0016676077    false   791.7734621302229   
  12.646737    0.69076294     0.0014508555    false   790.7177892574994   
  12.6636      0.7693847      0.0016964716    false   789.6648682289074   
  12.680462    0.7877247      0.0012451573    false   788.6148069240852   
  12.697325    0.7587734      0.0014393701    false   787.567475407669    
  12.714187    0.72236603     0.001325152     false   786.5229810458326   
  12.73105     0.72658134     0.0012658898    false   785.481194650905    
  12.747911    0.7738681      0.0012409408    false   784.442223079049    
  12.764773    0.82553273     0.0015775564    false   783.4059964131048   
  12.781636    0.831728       0.0013529676    false   782.3724454145441   
  12.798498    0.80630714     0.001368944     false   781.3416761809326   
  12.815361    0.7692962      0.0018078774    false   780.3135613653344   
  12.832223    0.76671207     0.0020011745    false   779.288206563814    
  12.849085    0.81782347     0.0021377944    false   778.2655429183266   
  12.865948    0.85840046     0.002099009     false   777.2455022354288   
  12.88281     0.8386778      0.0016545188    false   776.2281893652232   
  12.8996725   0.82706034     0.0017661822    false   775.2134787617622   
  12.916534    0.8038086      0.0015954288    false   774.2014747819841   
  12.933397    0.776925       0.0013075834    false   773.192052589471    
  12.950259    0.7651215      0.0014932326    false   772.1853160512841   
  12.967121    0.7806718      0.0017443497    false   771.1811977513883   
  12.983984    0.7918778      0.0014744626    false   770.1796309193581   
  13.000846    0.8179656      0.001648544     false   769.1807186935513   
  13.017709    0.81696165     0.0019615686    false   768.1843379848158   
  13.034571    0.82051736     0.0019540258    false   767.1905914497338   
  13.051434    0.8452941      0.0022193969    false   766.1993566876281   
  13.0682955   0.84761757     0.0021522676    false   765.2107358764998   
  13.085157    0.8504466      0.0015368038    false   764.2246629966135   
  13.10202     0.88420206     0.0014926073    false   763.241072655575    
  13.118882    0.8866272      0.0021458527    false   762.2600663194521   
  13.135745    0.85645306     0.001916074     false   761.281523283253    
  13.152607    0.8171959      0.0016344646    false   760.3055445423372   
  13.169469    0.83375067     0.0015383754    false   759.3320650474116   
  13.186332    0.8399609      0.0016417837    false   758.3610203638987   
  13.203194    0.84342724     0.0015157108    false   757.3925107869147   
  13.220057    0.8587448      0.0022660634    false   756.4264172715596   
  13.236918    0.83696157     0.0019128467    false   755.4628396499546   
  13.253781    0.81175095     0.0012082045    false   754.5016595315003   
  13.270643    0.80569834     0.0012564613    false   753.5429762883645   
  13.287505    0.80957484     0.0015815746    false   752.5867261936247   
  13.304368    0.80707425     0.0014819015    false   751.6328461179669   
  13.32123     0.7993776      0.0015465237    false   750.6814347492849   
  13.338093    0.798021       0.0016143906    false   749.732375308916    
  13.354955    0.7992209      0.0015307507    false   748.7857660322979   
  13.371817    0.7923227      0.001942423     false   747.8415441120359   
  13.3886795   0.7566581      0.0013367039    false   746.8996473265138   
  13.405541    0.6897586      0.001401749     false   745.9601732380271   
  13.422404    0.66115505     0.0013998195    false   745.0230066466014   
  13.439266    0.6760323      0.001419785     false   744.0882446694217   
  13.456129    0.6852368      0.0013103094    false   743.15577272889     
  13.472991    0.6778843      0.0013084996    false   742.2256874999779   
  13.489853    0.6592623      0.0011844054    false   741.2979274289055   
  13.506716    0.61100066     9.484897E-4     false   740.3724315316344   
  13.523578    0.5721454      0.0012613856    false   739.4492958252033   
  13.540441    0.5412121      0.0012848075    false   738.5284072656913   
  13.557302    0.52998054     0.0011377698    false   737.6098614350645   
  13.574165    0.54940486     0.0013245783    false   736.6935458941216   
  13.591027    0.545706       0.0013676806    false   735.7795557925722   
  13.607889    0.50532466     0.0014333285    false   734.8678307923537   
  13.624752    0.46949157     0.0015240937    false   733.9583111096925   
  13.641614    0.4309727      0.0013875394    false   733.0510912511503   
  13.658477    0.39292207     0.0011452583    false   732.1460602679063   
  13.675339    0.3763247      7.762997E-4     false   731.2433122412068   
  13.692201    0.37699968     5.9189514E-4    false   730.3427876790038   
  13.709064    0.36294568     6.874163E-4     false   729.4444276328444   
  13.725925    0.32244405     7.3679595E-4    false   728.5483255511346   
  13.742788    0.29227147     6.969785E-4     false   727.6543719455132   
  13.75965     0.28754684     5.9297634E-4    false   726.7626598458737   
  13.776513    0.28292537     4.5498033E-4    false   725.873080339846    
  13.793375    0.28753492     5.3818704E-4    false   724.9857260414942   
  13.810237    0.28960574     5.0942664E-4    false   724.1005386130306   
  13.8271      0.27211264     4.1200436E-4    false   723.2174602457519   
  13.843962    0.2434331      4.625096E-4     false   722.3365829349691   
  13.860825    0.2365382      4.0960277E-4    false   721.4577991882279   
  13.8776865   0.24919593     4.6921673E-4    false   720.581200591624    
  13.894549    0.25011462     4.7519122E-4    false   719.7066802127816   
  13.911411    0.23991673     3.84942E-4      false   718.8343292311903   
  13.928273    0.22540183     4.7042302E-4    false   717.9640904293935   
  13.945136    0.20925014     3.778237E-4     false   717.0959071050265   
  13.961998    0.19728139     3.3405985E-4    false   716.2298698325217   
  13.978861    0.18509157     3.0464082E-4    false   715.3658730603801   
  13.995723    0.17225184     2.6623544E-4    false   714.5040069628599   
  14.012586    0.16603786     2.6987275E-4    false   713.6441665332155   
  14.029448    0.16656373     3.0576743E-4    false   712.7864415480667   
  14.046309    0.16864844     3.3058083E-4    false   711.9307758776906   
  14.063172    0.15702716     3.0644744E-4    false   711.0771138939552   
  14.080034    0.13979511     2.2419081E-4    false   710.2255447817411   
  14.096897    0.12974411     2.531528E-4     false   709.3759648775767   
  14.113759    0.12794746     3.0141414E-4    false   708.5284629749593   
  14.130621    0.12876123     2.5279535E-4    false   707.682983701862    
  14.147484    0.12660672     2.90245E-4      false   706.839472178496    
  14.164346    0.11621413     2.2788794E-4    false   705.9980166159083   
  14.181209    0.11185878     2.0184838E-4    false   705.1585146678817   
  14.198071    0.111508384    2.442569E-4     false   704.3210541602106   
  14.214933    0.11155574     2.3281103E-4    false   703.4855332664495   
  14.231795    0.108817846    2.3039285E-4    false   702.652039429559    
  14.248657    0.1030977      1.968538E-4     false   701.8205183122725   
  14.26552     0.09732386     1.5067248E-4    false   700.9909160568566   
  14.282382    0.0911202      1.4553352E-4    false   700.1633195365195   
  14.299245    0.08517021     1.3856204E-4    false   699.3376282067741   
  14.316107    0.0797021      1.3267572E-4    false   698.5139285639582   
  14.33297     0.07107124     1.2809924E-4    false   697.6921205694937   
  14.349832    0.066911034    1.10743415E-4   false   696.8722903452003   
  14.3666935   0.06655218     1.1655497E-4    false   696.0543845592672   
  14.383556    0.06481885     1.2054936E-4    false   695.2383503471498   
  14.400418    0.059737183    9.504022E-5     false   694.4242732732656   
  14.417281    0.052978598    8.1500024E-5    false   693.6120545469639   
  14.434143    0.047028083    6.871251E-5     false   692.8017793639451   
  14.451005    0.04465545     6.899818E-5     false   691.9933950932545   
  14.5         0.04235654     7.899483E-5     false   689.655172413793    
  14.55        0.031000523    5.953974E-5     false   687.2852143581271   
  14.6         0.02541984     4.643139E-5     false   684.9314889533816   
  14.65        0.021234483    3.9322218E-5    false   682.5938744292763   
  14.7         0.017962525    4.2446594E-5    false   680.2721176701774   
  14.75        0.0149548985   2.0905623E-5    false   677.9661016949153   
  14.8         0.012741195    2.018989E-5     false   675.6756669679118   
  14.85        0.011174748    1.9950077E-5    false   673.4006561022246   
  14.9         0.009670882    1.1821083E-5    false   671.1409567798629   
  14.95        0.008051562    9.178364E-6     false   668.8963296041371   
  15.0         0.006774438    1.005653E-5     false   666.6666666666666   
  15.05        0.006000045    8.079715E-6     false   664.4518188216526   
  15.1         0.0051592854   7.922202E-6     false   662.251638898745    
  15.15        0.004069059    5.776277E-6     false   660.0660232208056   
  15.2         0.0033542165   5.7826865E-6    false   657.8947450975963   
  15.25        0.0031736353   4.6338096E-6    false   655.7377049180328   
  15.3         0.002976366    4.839475E-6     false   653.5947630939015   
  15.35        0.0022775114   3.9101915E-6    false   651.4657818557346   
  15.4         0.001395239    8.093385E-6     false   649.3506654355598   
  15.45        9.795411E-4    1.9107376E-6    false   647.249198928996    
  15.5         8.311563E-4    3.0575843E-6    false   645.1612903225806   
  15.55        4.1588512E-4   5.773325E-7     false   643.0868088322139   
  15.6         4.412241E-4    6.127892E-7     false   641.0256253505212   
  15.65        9.5958356E-4   4.7393446E-6    false   638.9776513578677   
  15.7         7.235226E-4    2.6952273E-6    false   636.9426828972723   
  15.75        8.518477E-4    2.4524195E-6    false   634.9206349206349   
  15.8         0.0011601867   4.7220083E-6    false   632.9113847646666   
  15.85        9.13776E-4     4.2219872E-5    false   630.9148113138864   
  15.9         5.715826E-4    4.0728173E-6    false   628.9308326992499   
  15.95        5.163846E-4    2.4593466E-5    false   626.9592551462689   
  16.0         8.3832216E-4   1.5176437E-5    false   625.0               
  16.05        0.0011798954   2.4841347E-5    false   623.0529891184864   
  16.1         8.2194124E-4   4.0896985E-6    false   621.117997705732    
  16.15        4.7294932E-4   1.9183653E-6    false   619.1950610652738   
  16.2         6.890722E-4    1.1429828E-6    false   617.2839215462805   
  16.25        0.0010310168   2.534514E-6     false   615.3846153846154   
  16.3         8.663749E-4    1.7909955E-6    false   613.4969612307384   
  16.35        4.566529E-4    7.9842204E-7    false   611.6207808370146   
  16.4         5.2010966E-4   1.1897657E-5    false   609.7561117441156   
  16.45        7.6295127E-4   5.7804277E-6    false   607.9027073682091   
  16.5         6.3635083E-4   7.4781283E-6    false   606.060606060606    
  16.55        3.4503452E-4   7.5475634E-7    false   604.2296351051739   
  16.6         2.0311544E-4   9.307806E-7     false   602.4096247107809   
  16.65        3.503133E-4    3.921919E-6     false   600.6006143610181   
  16.7         5.379501E-4    5.027549E-6     false   598.8023678532962   
  16.75        4.2507076E-4   1.0968566E-5    false   597.0149253731344   
  16.8         3.1306065E-4   1.1813925E-6    false   595.2381222696814   
  16.85        6.181047E-4    4.5695183E-6    false   593.471796653322    
  16.9         7.299725E-4    6.0789216E-6    false   591.7159896876768   
  16.95        3.713652E-4    2.659348E-6     false   589.9704749196607   
  17.0         6.764464E-5    3.6129911E-6    false   588.235294117647    
  17.05        1.1190875E-4   3.6130912E-6    false   586.5102901743015   
  17.1         2.2919437E-4   6.098695E-6     false   584.7953085917131   
  17.15        2.1200781E-4   9.420431E-5     false   583.0903919785034   
  17.2         8.376805E-5    9.274695E-5     false   581.395323048289    
  17.25        1.7416295E-4   9.1272406E-5    false   579.7101449275362   
  17.3         4.5058707E-4   8.945399E-5     false   578.0347075725713   
  17.35        4.6329104E-4   8.7737324E-5    false   576.3688634082263   
  17.4         1.7634501E-4   8.598358E-5     false   574.7126562779011   
  17.45        1.524314E-4    8.399261E-5     false   573.0658775235205   
  17.5         3.874446E-4    8.218323E-5     false   571.4285714285713   
  17.55        4.1999973E-4   8.053708E-5     false   569.8005945711313   
  17.6         3.4125187E-4   7.867469E-5     false   568.1818058668092   
  17.65        3.5251933E-4   7.670765E-5     false   566.5722502056749   
  17.7         4.7469672E-4   7.477745E-5     false   564.971727059931    
  17.75        5.40672E-4     7.3145085E-5    false   563.3802816901409   
  17.8         4.4902958E-4   7.1590344E-5    false   561.7977768886342   
  17.85        4.0726946E-4   6.9775204E-5    false   560.224077663388    
  17.9         4.998869E-4    6.758575E-5     false   558.65922978277     
  17.95        5.075433E-4    6.512493E-5     false   557.1030403879727   
  18.0         3.6433135E-4   6.265402E-5     false   555.5555555555555   
  18.05        2.3231335E-4   6.013842E-5     false   554.0166439158535   
  18.1         2.6177295E-4   5.764137E-5     false   552.4861762012845   
  18.15        3.238176E-4    5.5109067E-5    false   550.9641989077776   
  18.2         2.255726E-4    5.246924E-5     false   549.4505264177207   
  18.25        1.4658748E-4   5.0013743E-5    false   547.945205479452    
  18.3         2.2618844E-4   4.774581E-5     false   546.4481102134876   
  18.35        2.815925E-4    4.542253E-5     false   544.9591167364902   
  18.4         2.180872E-4    4.3192376E-5    false   543.4782721369842   
  18.45        1.5205788E-4   4.0978583E-5    false   542.0053976413386   
  18.5         1.7954399E-4   3.8621823E-5    false   540.5405405405405   
  18.55        2.5181362E-4   3.6261517E-5    false   539.0835801233494   
  18.6         2.82071E-4     3.3866934E-5    false   537.6343975757394   
  18.65        2.433478E-4    3.1428157E-5    false   536.1930404579847   
  18.7         1.9319322E-4   2.8840002E-5    false   534.7593364711767   
  18.75        1.9295013E-4   2.605396E-5     false   533.3333333333334   
  18.8         1.8130252E-4   2.3256147E-5    false   531.9149152031316   
  18.85        1.295251E-4    2.0553047E-5    false   530.503968043968    
  18.9         1.0107886E-4   1.7909268E-5    false   529.100539779674    
  18.95        1.0402414E-4   1.5437232E-5    false   527.7044642423981   
  19.0         1.0462419E-4   1.32345895E-5   false   526.3157894736842   
  19.05        8.194801E-5    1.13114165E-5   false   524.9344042253632   
  19.1         5.4089534E-5   9.614571E-6     false   523.5601989674154   
  19.15        5.358774E-5    8.148006E-6     false   522.1932218903867   
  19.2         5.4522694E-5   6.8309355E-6    false   520.8333126372769   
  19.25        4.044538E-5    5.6636563E-6    false   519.4805194805194   
  19.3         2.9827457E-5   4.6971613E-6    false   518.1347355080534   
  19.35        2.9082608E-5   3.903031E-6     false   516.7958554448592   
  19.4         2.9300883E-5   3.2615003E-6    false   515.4639276615404   
  19.45        2.2742219E-5   2.7255971E-6    false   514.1387973132765   
  19.5         1.3416663E-5   2.292826E-6     false   512.8205128205128   
  19.55        1.078747E-5    1.9469E-6       false   511.5089713683056   
  19.6         1.2777389E-5   1.6735204E-6    false   510.2040717026833   
  19.65        1.1332834E-5   1.4355704E-6    false   508.905862296803    
  19.7         6.2308636E-6   1.2614641E-6    false   507.6141935391424   
  19.75        3.987377E-6    1.1524498E-6    false   506.32911392405066  
  19.8         5.0274875E-6   1.0645161E-6    false   505.0505245112612   
  19.85        5.5782443E-6   1.0099502E-6    false   503.7783278500665   
  19.9         4.2082575E-6   9.3138004E-7    false   502.5125724469012   
  19.95        2.2020504E-6   8.521266E-7     false   501.2531136628683   
  20.0         3.5701985E-6   8.219551E-7     false   500.0               
  20.05        5.7550874E-6   8.1616673E-7    false   498.7531361854585   
  20.1         4.4967524E-6   7.667864E-7     false   497.5124283688592   
  20.15        2.734362E-6    7.281087E-7     false   496.2779250280399   
  20.2         3.7550249E-6   7.092631E-7     false   495.0494862528325   
  20.25        5.320192E-6    7.0603676E-7    false   493.8271604938272   
  20.3         5.273268E-6    7.0757454E-7    false   492.610855952328    
  20.35        4.854194E-6    6.9233084E-7    false   491.4004821889726   
  20.4         5.23221E-6     6.9245567E-7    false   490.19608759779254  
  20.45        6.2572444E-6   7.058493E-7     false   488.9975367689236   
  20.5         6.589599E-6    6.979393E-7     false   487.8048780487805   
  20.55        5.739558E-6    6.540202E-7     false   486.6180229323644   
  20.6         5.0060544E-6   6.2359726E-7    false   485.43688421458853  
  20.65        5.6829067E-6   6.433653E-7     false   484.2615101564701   
  20.7         5.7446446E-6   6.393503E-7     false   483.0917696343106   
  20.75        4.22494E-6     5.904634E-7     false   481.9277108433735   
  20.8         3.5671071E-6   5.7264003E-7    false   480.7692484037417   
  20.85        4.3158284E-6   5.7502325E-7    false   479.6162981794198   
  20.9         4.531641E-6    5.589913E-7     false   478.4689082546126   
  20.95        3.9480356E-6   5.360404E-7     false   477.32695159085614  
  21.0         3.1458214E-6   5.1693E-7       false   476.1904761904762   
  21.05        2.83056E-6     4.953885E-7     false   475.05939964092914  
  21.1         3.2195385E-6   4.804431E-7     false   473.93364072078975  
  21.15        2.928535E-6    4.6230497E-7    false   472.8132472985314   
  21.2         2.366077E-6    4.3889725E-7    false   471.6980962322129   
  21.25        2.4368069E-6   4.2708984E-7    false   470.5882352941177   
  21.3         2.7533895E-6   4.3083955E-7    false   469.48358489143425  
  21.35        2.5692163E-6   4.1859224E-7    false   468.38406657263033  
  21.4         1.8360208E-6   3.9635918E-7    false   467.28972795592915  
  21.45        1.6494903E-6   3.949542E-7     false   466.2004496185214   
  21.5         2.112966E-6    3.8824348E-7    false   465.1162790697674   
  21.55        2.078294E-6    3.7337242E-7    false   464.03713939824786  
  21.6         1.5496747E-6   3.6332415E-7    false   462.96295478674296  
  21.65        1.3530339E-6   3.5333628E-7    false   461.8937725726786   
  21.7         1.5555514E-6   3.5107928E-7    false   460.8294768854844   
  21.75        1.632484E-6    3.5619095E-7    false   459.7701149425287   
  21.8         1.4040447E-6   3.551047E-7     false   458.7156123840477   
  21.85        1.1861482E-6   3.483547E-7     false   457.6658958999687   
  21.9         1.3044786E-6   3.4318012E-7    false   456.6210125199586   
  21.95        1.3926367E-6   3.3822496E-7    false   455.58084976853735  
  22.0         1.0650524E-6   3.3633182E-7    false   454.54545454545456  
  22.05        8.0176665E-7   3.446776E-7     false   453.5147549208299   
  22.1         1.0071517E-6   3.5746976E-7    false   452.488679972365    
  22.15        1.1929411E-6   3.707997E-7     false   451.4672763982437   
  22.2         9.799945E-7    3.691236E-7     false   450.45043496998153  
  22.25        6.585782E-7    3.6544972E-7    false   449.438202247191    
  22.3         8.752121E-7    3.7481234E-7    false   448.4305086154855   
  22.35        1.5258838E-6   3.8417812E-7    false   447.4272854281895   
  22.4         1.4766774E-6   3.9653054E-7    false   446.42857903120483  
  22.45        9.80102E-7     4.0903748E-7    false   445.43428330336803  
  22.5         1.1709618E-6   4.186072E-7     false   444.44444444444446  
  22.55        1.5747744E-6   4.4041906E-7    false   443.45899504799837  
  22.6         1.3267121E-6   4.496033E-7     false   442.477868637526    
  22.65        9.59337E-7     4.523994E-7     false   441.50111118849037  
  22.7         9.885154E-7    4.625707E-7     false   440.528619555213    
  22.75        1.5397906E-6   4.8408907E-7    false   439.5604395604396   
  22.8         2.064628E-6    5.135624E-7     false   438.59650590449905  
  22.85        1.4966857E-6   5.1011915E-7    false   437.6367541818305   
  22.9         9.950202E-7    4.98465E-7      false   436.68122998168866  
  22.95        1.2697172E-6   5.201855E-7     false   435.72983300934726  
  23.0         2.6479174E-6   5.5490773E-7    false   434.78260869565213  
  23.05        2.5773475E-6   5.427339E-7     false   433.8394937524193   
  23.1         2.5167465E-6   5.379873E-7     false   432.90042575158407  
  23.15        2.5131367E-6   5.4304337E-7    false   431.9654498825806   
  23.2         2.515157E-6    5.409229E-7     false   431.0344685839137   
  23.25        2.5938916E-6   5.439464E-7     false   430.1075268817205   
  23.3         2.6800535E-6   5.4547445E-7    false   429.1845634095209   
  23.35        2.7072906E-6   5.4041533E-7    false   428.2655176286797   
  23.4         2.5643617E-6   5.154031E-7     false   427.3504343171475   
  23.45        2.3271145E-6   4.88864E-7      false   426.43921853529616  
  23.5         2.0499326E-6   4.7100536E-7    false   425.531914893617    
  23.55        1.7129728E-6   4.499195E-7     false   424.628463862667    
  23.6         1.3222447E-6   4.1283164E-7    false   423.7288067101817   
  23.65        1.0143438E-6   3.8378874E-7    false   422.83298779272656  
  23.7         8.192546E-7    3.676418E-7     false   421.94091468711514  
  23.75        6.987895E-7    3.4672524E-7    false   421.05263157894734  
  23.8         6.5580855E-7   3.289039E-7     false   420.1680806959162   
  23.85        6.644753E-7    3.1149196E-7    false   419.2872050337369   
  23.9         7.1058E-7      2.9561247E-7    false   418.410048519279    
  23.95        7.6442245E-7   2.757297E-7     false   417.53652114592546  
  24.0         8.2010763E-7   2.5526373E-7    false   416.66666666666663  
  24.05        9.2673577E-7   2.4788338E-7    false   415.8004289908753   
  24.1         1.0465084E-6   2.405215E-7     false   414.9377527682078   
  24.15        1.1447008E-6   2.281092E-7     false   414.07868148896404  
  24.2         1.2934025E-6   2.242867E-7     false   413.22312746842044  
  24.25        1.5377464E-6   2.3199154E-7    false   412.3711340206185   
  24.3         1.7247564E-6   2.3247196E-7    false   411.52264666530294  
  24.35        1.7994272E-6   2.2505745E-7    false   410.67761163609543  
  24.4         1.8832679E-6   2.2189188E-7    false   409.83607198114976  
  24.45        1.9345198E-6   2.1873821E-7    false   408.99794224782545  
  24.5         1.945866E-6    2.1482002E-7    false   408.1632653061224   
  24.55        2.011607E-6    2.1534339E-7    false   407.33198821872276  
  24.6         2.0549467E-6   2.1446893E-7    false   406.50405873703284  
  24.65        2.0948482E-6   2.1327367E-7    false   405.6795194626553   
  24.7         2.2695287E-6   2.1935988E-7    false   404.858287089783    
  24.75        2.579216E-6    2.3333129E-7    false   404.0404040404041   
  24.8         3.0192357E-6   2.588099E-7     false   403.22581885632604  
  24.85        3.6641084E-6   3.0383535E-7    false   402.414480744107    
  24.9         4.575561E-6    3.745815E-7     false   401.60643185544967  
  24.95        5.8602345E-6   4.7688314E-7    false   400.80159095040693  
  25.0         7.5316084E-6   6.1226274E-7    false   400.0               
  25.05        9.45223E-6     7.6753736E-7    false   399.2016089647368   
  25.1         1.1514798E-5   9.261138E-7     false   398.4063684470132   
  25.15        1.3360138E-5   1.0735697E-6    false   397.6143201462357   
  25.2         1.4747946E-5   1.1982111E-6    false   396.82538481135947  
  25.25        1.562762E-5    1.2915308E-6    false   396.03960396039605  
  25.3         1.6227044E-5   1.3474136E-6    false   395.2569289153006   
  25.35        1.6400289E-5   1.3679974E-6    false   394.47731161810054  
  25.4         1.5788903E-5   1.349468E-6     false   393.70079331436744  
  25.45        1.4865974E-5   1.2797765E-6    false   392.9272966687726   
  25.5         1.3485824E-5   1.1693674E-6    false   392.156862745098    
  25.55        1.1407445E-5   1.0366142E-6    false   391.3894441724637   
  25.6         9.424043E-6    8.904096E-7     false   390.62499417923397  
  25.65        7.730394E-6    7.445467E-7     false   389.8635535563798   
  25.7         6.160591E-6    6.103801E-7     false   389.1050468146463   
  25.75        4.957424E-6    4.911163E-7     false   388.34951456310677  
  25.8         3.919813E-6    3.8734424E-7    false   387.59691068654945  
  25.85        2.9381047E-6   3.0008164E-7    false   386.8471896491106   
  25.9         2.200986E-6    2.2960373E-7    false   386.1003917870892   
  25.95        1.6572179E-6   1.7314876E-7    false   385.35644339099673  
  26.0         1.2750238E-6   1.3442839E-7    false   384.61538461538464  
  26.05        8.909158E-7    9.732321E-8     false   383.8771705518249   
  26.1         6.4311837E-7   7.028532E-8     false   383.14175685222295  
  26.15        4.555691E-7    5.0662823E-8    false   382.4091833987582   
  26.2         3.1284998E-7   3.6484277E-8    false   381.67937819853984  
  26.25        2.25067E-7     2.6648227E-8    false   380.95238095238096  
  26.3         1.5843048E-7   1.9675555E-8    false   380.2281479122074   
  26.35        1.1106504E-7   1.4778731E-8    false   379.50663587209516  
  26.4         8.043038E-8    1.1455288E-8    false   378.78788426121633  
  26.45        5.982961E-8    9.157124E-9     false   378.0718227430658   
  26.5         4.4475364E-8   7.425166E-9     false   377.35849056603774  
  26.55        3.4009105E-8   6.171358E-9     false   376.6478450982863   
  26.6         2.761706E-8    5.348378E-9     false   375.9398442327192   
  26.65        2.4176828E-8   4.8859286E-9    false   375.2345269471149   
  26.7         2.1514966E-8   4.5098782E-9    false   374.5318245039286   
  26.75        1.8995392E-8   4.1184887E-9    false   373.83177570093454  
  26.8         1.6707299E-8   3.730828E-9     false   373.1343389805563   
  26.85        1.4839622E-8   3.3960847E-9    false   372.439473293319    
  26.9         1.3739471E-8   3.2026413E-9    false   371.7472171676695   
  26.95        1.2489113E-8   2.9928164E-9    false   371.057503410226    
  27.0         1.08674785E-8  2.7260663E-9    false   370.3703703703703   
  27.05        9.722669E-9    2.591831E-9     false   369.6857775248749   
  27.1         8.472501E-9    2.4762394E-9    false   369.00368484266664  
  27.15        6.6947927E-9   2.2403823E-9    false   368.3241304053225   
  27.2         5.3165548E-9   2.1153608E-9    false   367.64704851130745  
  27.25        4.151488E-9    2.0400157E-9    false   366.9724770642202   
  27.3         3.1523313E-9   1.9690158E-9    false   366.30037653717983  
  27.35        2.3818225E-9   1.9170756E-9    false   365.6307078801811   
  27.4         1.74858E-9     1.792613E-9     false   364.9635087307493   
  27.45        1.3884689E-9   1.7173278E-9    false   364.2987148292218   
  27.5         1.2828859E-9   1.7243662E-9    false   363.6363636363636   
  27.55        1.250317E-9    1.6365045E-9    false   362.9764165854457   
  27.6         1.2859533E-9   1.5183178E-9    false   362.3188355719686   
  27.65        1.3604142E-9   1.4030704E-9    false   361.66365779254016  
  27.7         1.4356927E-9   1.2953056E-9    false   361.0108203816102   
  27.75        1.4883168E-9   1.1984991E-9    false   360.36036036036035  
  27.8         1.5747678E-9   1.1587709E-9    false   359.7122400877216   
  27.85        1.6724798E-9   1.1471994E-9    false   359.066422370809    
  27.9         1.644924E-9    1.0702449E-9    false   358.4229439687277   
  27.95        1.652514E-9    1.0327503E-9    false   357.7817433643718   
  28.0         1.734965E-9    1.0504888E-9    false   357.14285714285717  
  28.05        1.738031E-9    1.0302866E-9    false   356.5062485558889   
  28.1         1.7381929E-9   1.0141779E-9    false   355.87188128988083  
  28.15        1.7811821E-9   1.0241128E-9    false   355.2397916700968   
  28.2         1.7404003E-9   9.884964E-10    false   354.60991948418797  
  28.25        1.6330393E-9   9.1887115E-10   false   353.98230088495575  
  28.3         1.5377117E-9   8.6281227E-10   false   353.35689998550953  
  28.35        1.4124678E-9   8.060878E-10    false   352.73368132073296  
  28.4         1.2121255E-9   7.2628914E-10   false   352.11268078592707  
