# New G.A.S. format
# In this file, each line of the header is starting by #
#    data are saved after the keyword START
# total SN(SNIa + SNII) [nb/Gyr/Msun] rates are given as a function of the stellar age
#    for an instantaneous bursts (SSP) of 1Msun
#    following a Salpeter+55 IMF (Mmin = 0.1, Mmax = 100 Msun)
#    and for a set of initial metallicities
# At a given age, the normalization is done for M*_liv + M_rem = 1Msun
# This data file has build as follow:
# nAgeBins nMetBins (here 7)
# List of metalicity bins: MetBins
# And for each following data line : AgeBin(i), SN rate(i,1:nMetBins)
START
130 7
      0.0000      0.0001      0.0004      0.004      0.008      0.02      0.05
   0.000000e+00   0.000000e+00   0.000000e+00   0.000000e+00   0.000000e+00   0.000000e+00   0.000000e+00   0.000000e+00
   1.000000e-03   0.000000e+00   0.000000e+00   0.000000e+00   0.000000e+00   0.000000e+00   0.000000e+00   0.000000e+00
   2.089300e-03   0.000000e+00   0.000000e+00   0.000000e+00   0.000000e+00   0.000000e+00   0.000000e+00   0.000000e+00
   3.162300e-03   0.000000e+00   0.000000e+00   0.000000e+00   0.000000e+00   0.000000e+00   0.000000e+00   0.000000e+00
   4.168700e-03   3.298306e-01   3.329715e-01   3.528895e-01   3.930798e-01   2.844054e-01   3.290157e-01   5.929555e-01
   5.248100e-03   3.281302e-01   3.280546e-01   3.303624e-01   3.381229e-01   3.833201e-01   4.020133e-01   4.906508e-01
   6.309600e-03   2.915681e-01   2.917115e-01   2.990190e-01   3.147986e-01   3.382128e-01   3.105554e-01   5.734993e-01
   7.585800e-03   2.498489e-01   2.502684e-01   2.540351e-01   2.622919e-01   2.814032e-01   3.342472e-01   3.893755e-01
   8.709600e-03   2.607916e-01   2.614170e-01   2.655024e-01   2.740704e-01   2.950498e-01   3.535872e-01   3.974387e-01
   1.000000e-02   2.723595e-01   2.732376e-01   2.776657e-01   2.866324e-01   3.097662e-01   2.765694e-01   3.320119e-01
   1.148200e-02   2.274547e-01   2.284072e-01   2.325996e-01   2.409113e-01   2.388354e-01   2.798591e-01   3.294385e-01
   1.258900e-02   2.290258e-01   2.300996e-01   2.344639e-01   2.430832e-01   2.398127e-01   2.820855e-01   3.277458e-01
   1.380400e-02   2.306497e-01   2.318315e-01   2.363703e-01   2.453000e-01   2.408171e-01   2.331876e-01   3.260864e-01
   1.513600e-02   2.323284e-01   2.336020e-01   2.383183e-01   2.475670e-01   2.121552e-01   2.310276e-01   2.673125e-01
   1.659600e-02   2.163956e-01   2.176400e-01   2.128837e-01   2.064972e-01   2.106167e-01   2.289082e-01   2.621663e-01
   1.819700e-02   2.165196e-01   2.178028e-01   2.123960e-01   2.050711e-01   2.091091e-01   2.268293e-01   2.571041e-01
   1.995300e-02   2.166848e-01   2.179905e-01   2.119321e-01   2.036739e-01   2.076327e-01   1.957861e-01   2.521262e-01
   2.187800e-02   1.897113e-01   1.908569e-01   1.862191e-01   1.799406e-01   1.841435e-01   1.920366e-01   2.472316e-01
   2.290900e-02   1.887309e-01   1.898608e-01   1.850443e-01   1.785019e-01   1.826878e-01   1.901735e-01   2.448025e-01
   2.398800e-02   1.877596e-01   1.888650e-01   1.838727e-01   1.770714e-01   1.812401e-01   1.883258e-01   2.045745e-01
   2.511900e-02   1.867959e-01   1.878675e-01   1.827019e-01   1.756470e-01   1.797984e-01   1.864903e-01   2.014414e-01
   2.630300e-02   1.858409e-01   1.868692e-01   1.815332e-01   1.742302e-01   1.783640e-01   1.846689e-01   1.983606e-01
   2.754200e-02   1.848949e-01   1.858699e-01   1.803666e-01   1.728211e-01   1.769372e-01   1.828621e-01   1.953324e-01
   2.900000e-02   1.838456e-01   1.847494e-01   1.790617e-01   1.712509e-01   1.753471e-01   1.808538e-01   1.919985e-01
   3.100000e-02   1.825074e-01   1.833015e-01   1.773807e-01   1.692368e-01   1.733069e-01   1.782851e-01   5.515433e-05
   3.200000e-02   1.818710e-01   1.826036e-01   1.765744e-01   1.682769e-01   1.723344e-01   1.549341e-01   1.017043e-04
   3.300000e-02   1.812572e-01   1.819253e-01   1.757926e-01   1.673489e-01   1.713940e-01   1.534456e-01   1.447538e-04
   3.400000e-02   1.695906e-01   1.701548e-01   1.750336e-01   1.664506e-01   1.704836e-01   1.520165e-01   1.846329e-04
   3.500000e-02   1.687878e-01   1.692913e-01   1.622824e-01   1.655802e-01   1.503811e-01   1.506426e-01   2.216344e-04
   3.700000e-02   1.672679e-01   1.676560e-01   1.604626e-01   1.506143e-01   1.481372e-01   1.480489e-01   2.880187e-04
   3.800000e-02   1.665428e-01   1.668779e-01   1.595974e-01   1.496335e-01   1.470726e-01   1.468203e-01   3.178333e-04
   3.900000e-02   1.658407e-01   1.661251e-01   1.587606e-01   1.486853e-01   1.460440e-01   1.456344e-01   3.456512e-04
   4.000000e-02   1.651602e-01   1.653961e-01   1.579505e-01   1.477678e-01   1.450493e-01   1.444885e-01   3.400369e-04
   4.250000e-02   5.347471e-05   5.351400e-05   0.000000e+00   1.456017e-01   1.427023e-01   6.139924e-05   3.870044e-04
   4.500000e-02   1.432693e-04   1.432828e-04   9.934994e-05   3.847320e-05   5.180044e-05   1.244032e-04   4.267932e-04
   4.750000e-02   2.220209e-04   2.219093e-04   1.736430e-04   1.068955e-04   1.155151e-04   1.791935e-04   4.606913e-04
   5.000000e-02   2.914345e-04   2.911256e-04   2.390180e-04   1.670730e-04   1.714654e-04   2.270915e-04   4.897126e-04
   5.250000e-02   3.222131e-04   3.217038e-04   2.968119e-04   2.202492e-04   2.208282e-04   2.691595e-04   5.146653e-04
   5.500000e-02   3.670561e-04   3.663185e-04   3.195334e-04   2.674347e-04   2.645650e-04   2.838929e-04   5.361955e-04
   5.708800e-02   4.006638e-04   3.997429e-04   3.517731e-04   2.832656e-04   2.737627e-04   3.074289e-04   5.143846e-04
   6.405400e-02   4.925193e-04   4.909990e-04   4.397768e-04   3.669289e-04   3.483267e-04   3.709653e-04   5.461075e-04
   7.187000e-02   5.899045e-04   5.879004e-04   5.150153e-04   4.355743e-04   4.091043e-04   4.220598e-04   5.687930e-04
   8.063900e-02   6.574865e-04   6.552786e-04   5.745558e-04   4.711016e-04   4.338713e-04   4.223660e-04   5.837849e-04
   9.047800e-02   7.115530e-04   7.092353e-04   6.218610e-04   5.102078e-04   4.663509e-04   4.453088e-04   5.362159e-04
   1.015200e-01   6.651019e-04   6.630457e-04   5.967255e-04   5.401377e-04   4.906983e-04   4.614995e-04   5.331842e-04
   1.139100e-01   6.827243e-04   6.807274e-04   6.131419e-04   5.222698e-04   5.080729e-04   4.719433e-04   5.267810e-04
   1.278000e-01   6.937897e-04   6.918623e-04   6.233770e-04   5.315346e-04   4.878764e-04   4.433737e-04   5.176557e-04
   1.434000e-01   6.993679e-04   6.975082e-04   6.284283e-04   5.360410e-04   4.907926e-04   4.416799e-04   5.063554e-04
   1.609000e-01   6.858090e-04   6.840434e-04   6.232761e-04   5.365604e-04   4.901007e-04   4.372218e-04   4.933698e-04
   1.805300e-01   6.816235e-04   6.799609e-04   5.923659e-04   5.337798e-04   4.864318e-04   4.305228e-04   4.450899e-04
   2.025600e-01   6.744438e-04   6.729663e-04   5.839929e-04   4.762562e-04   4.207859e-04   4.220302e-04   4.286799e-04
   2.272700e-01   6.648320e-04   6.636276e-04   5.736479e-04   4.652873e-04   4.090520e-04   3.701665e-04   4.119575e-04
   2.550000e-01   6.532665e-04   6.524353e-04   5.617586e-04   4.531714e-04   3.965004e-04   3.574489e-04   3.951090e-04
   2.861200e-01   6.154798e-04   6.151382e-04   5.486945e-04   4.402066e-04   3.833773e-04   3.443514e-04   3.782893e-04
   3.210300e-01   5.997417e-04   5.999183e-04   5.016414e-04   4.266582e-04   3.698930e-04   3.310531e-04   3.616264e-04
   3.602000e-01   5.833643e-04   5.841144e-04   4.855088e-04   4.127320e-04   3.562170e-04   3.176914e-04   3.452245e-04
   4.041500e-01   4.643811e-04   4.655112e-04   4.692397e-04   3.608836e-04   3.424890e-04   3.043812e-04   3.215952e-04
   4.534700e-01   4.436919e-04   4.452487e-04   4.529714e-04   3.456302e-04   3.089446e-04   2.912187e-04   3.058588e-04
   5.088000e-01   4.235885e-04   4.255710e-04   4.113252e-04   3.306776e-04   2.950357e-04   2.764640e-04   2.906300e-04
   5.708800e-01   4.041073e-04   4.065135e-04   3.946264e-04   3.160830e-04   2.814770e-04   2.637875e-04   2.759367e-04
   6.405400e-01   3.852729e-04   3.881042e-04   3.783410e-04   3.584316e-04   2.683091e-04   2.514524e-04   2.617974e-04
   7.187000e-01   3.671023e-04   3.703607e-04   3.625103e-04   3.462725e-04   3.247405e-04   2.394935e-04   3.004042e-04
   8.064000e-01   3.496069e-04   3.532901e-04   3.471639e-04   3.342434e-04   3.144353e-04   2.741775e-04   2.881276e-04
   9.047900e-01   3.328093e-04   3.368822e-04   3.323238e-04   3.224051e-04   3.041865e-04   2.640878e-04   2.761582e-04
   1.015200e+00   3.167004e-04   3.211380e-04   3.179894e-04   3.107973e-04   2.940452e-04   2.541648e-04   2.645279e-04
   1.139100e+00   3.012711e-04   3.060489e-04   3.041709e-04   2.994531e-04   2.840569e-04   2.444468e-04   2.532644e-04
   1.278100e+00   2.865063e-04   2.915901e-04   2.908718e-04   2.884029e-04   2.742565e-04   2.349688e-04   2.423827e-04
   1.434000e+00   2.723956e-04   2.777528e-04   2.780764e-04   2.776625e-04   2.646722e-04   2.257527e-04   2.318945e-04
   1.609000e+00   2.301955e-04   2.351742e-04   2.657704e-04   2.672250e-04   2.553143e-04   2.168064e-04   2.217945e-04
   1.680000e+00   2.099715e-04   2.146634e-04   2.509590e-04   2.633647e-04   2.518405e-04   2.135052e-04   2.180913e-04
   1.700000e+00   2.047435e-04   2.093582e-04   2.446020e-04   2.623120e-04   2.508921e-04   2.126058e-04   2.170837e-04
   1.800000e+00   1.812752e-04   1.855350e-04   2.161084e-04   2.572937e-04   2.463667e-04   2.083182e-04   2.122884e-04
   1.900000e+00   1.615509e-04   1.654942e-04   1.922101e-04   2.526192e-04   2.421413e-04   2.043285e-04   2.078384e-04
   2.000000e+00   1.448233e-04   1.484837e-04   1.719822e-04   2.265924e-04   2.381828e-04   2.005998e-04   2.036949e-04
   2.100000e+00   1.305176e-04   1.339240e-04   1.547151e-04   2.028418e-04   2.344652e-04   1.971052e-04   1.998210e-04
   2.200000e+00   9.226785e-05   9.474859e-05   1.398662e-04   1.825125e-04   2.160108e-04   1.938207e-04   1.961894e-04
   2.300000e+00   8.486367e-05   8.719509e-05   1.270069e-04   1.649909e-04   1.950081e-04   1.907268e-04   1.927767e-04
   2.400000e+00   7.833102e-05   8.052694e-05   8.418624e-05   1.497890e-04   1.768131e-04   1.878027e-04   1.836665e-04
   2.500000e+00   7.253778e-05   7.461038e-05   7.808248e-05   1.365235e-04   1.609587e-04   1.850357e-04   1.682397e-04
   2.600000e+00   6.737439e-05   6.933426e-05   7.263460e-05   1.248826e-04   1.470647e-04   1.770971e-04   1.546408e-04
   2.750000e+00   6.062185e-05   6.243003e-05   6.549807e-05   7.085624e-05   1.292568e-04   1.564043e-04   1.370824e-04
   3.000000e+00   4.901687e-05   5.053508e-05   5.578918e-05   6.056427e-05   5.546831e-05   1.289948e-04   1.137151e-04
   3.250000e+00   4.230500e-05   4.365650e-05   4.543890e-05   5.241982e-05   4.852772e-05   1.080401e-04   9.575091e-05
   3.500000e+00   3.691156e-05   3.812308e-05   3.977633e-05   4.585737e-05   4.287827e-05   9.168431e-05   6.243504e-05
   3.750000e+00   3.250862e-05   3.360140e-05   3.513948e-05   3.772835e-05   3.821076e-05   5.498865e-05   5.488237e-05
   4.000000e+00   2.795456e-05   2.891440e-05   3.129102e-05   3.370411e-05   3.430521e-05   4.884721e-05   4.864633e-05
   4.250000e+00   2.504208e-05   2.591786e-05   2.750707e-05   3.031556e-05   3.525121e-05   4.370432e-05   4.343427e-05
   4.500000e+00   2.257392e-05   2.337657e-05   2.484226e-05   2.743274e-05   3.186779e-05   3.935156e-05   3.694363e-05
   4.750000e+00   2.046316e-05   2.120174e-05   2.255891e-05   2.495825e-05   2.896641e-05   2.842075e-05   3.347704e-05
   5.000000e+00   1.864278e-05   1.932491e-05   2.058645e-05   2.281947e-05   2.645838e-05   2.609260e-05   3.048902e-05
   5.250000e+00   1.706135e-05   1.769343e-05   1.887021e-05   2.095299e-05   2.427410e-05   2.405510e-05   2.789454e-05
   5.500000e+00   0.000000e+00   0.000000e+00   1.736668e-05   1.931551e-05   2.235939e-05   2.226059e-05   2.562611e-05
   5.750000e+00   0.000000e+00   0.000000e+00   1.604170e-05   1.787036e-05   1.898901e-05   2.067112e-05   2.363081e-05
   6.000000e+00   0.000000e+00   0.000000e+00   1.486764e-05   1.658814e-05   1.766067e-05   1.925548e-05   1.821032e-05
   6.250000e+00   0.000000e+00   0.000000e+00   0.000000e+00   1.544454e-05   1.647384e-05   1.798871e-05   1.699949e-05
   6.500000e+00   0.000000e+00   0.000000e+00   0.000000e+00   1.442001e-05   1.540866e-05   1.685009e-05   1.591195e-05
   6.750000e+00   0.000000e+00   0.000000e+00   0.000000e+00   1.349826e-05   1.444868e-05   1.582247e-05   1.493109e-05
   7.000000e+00   0.000000e+00   0.000000e+00   0.000000e+00   1.266574e-05   1.358028e-05   1.525592e-05   1.404306e-05
   7.250000e+00   0.000000e+00   0.000000e+00   0.000000e+00   0.000000e+00   1.279170e-05   1.438045e-05   1.323635e-05
   7.500000e+00   0.000000e+00   0.000000e+00   0.000000e+00   0.000000e+00   1.207331e-05   1.358234e-05   1.250084e-05
   7.750000e+00   0.000000e+00   0.000000e+00   0.000000e+00   0.000000e+00   1.141682e-05   1.285252e-05   1.182829e-05
   8.000000e+00   0.000000e+00   0.000000e+00   0.000000e+00   0.000000e+00   1.081517e-05   1.218320e-05   1.121153e-05
   8.250000e+00   0.000000e+00   0.000000e+00   0.000000e+00   0.000000e+00   1.026226e-05   1.156771e-05   1.064441e-05
   8.500000e+00   0.000000e+00   0.000000e+00   0.000000e+00   0.000000e+00   0.000000e+00   1.100039e-05   1.012160e-05
   8.750000e+00   0.000000e+00   0.000000e+00   0.000000e+00   0.000000e+00   0.000000e+00   1.047602e-05   9.638481e-06
   9.000000e+00   0.000000e+00   0.000000e+00   0.000000e+00   0.000000e+00   0.000000e+00   9.990345e-06   0.000000e+00
   9.250000e+00   0.000000e+00   0.000000e+00   0.000000e+00   0.000000e+00   0.000000e+00   9.539554e-06   0.000000e+00
   9.500000e+00   0.000000e+00   0.000000e+00   0.000000e+00   0.000000e+00   0.000000e+00   9.120297e-06   0.000000e+00
   9.750000e+00   0.000000e+00   0.000000e+00   0.000000e+00   0.000000e+00   0.000000e+00   8.729624e-06   0.000000e+00
   1.000000e+01   0.000000e+00   0.000000e+00   0.000000e+00   0.000000e+00   0.000000e+00   8.364928e-06   0.000000e+00
   1.025000e+01   0.000000e+00   0.000000e+00   0.000000e+00   0.000000e+00   0.000000e+00   8.023894e-06   0.000000e+00
   1.050000e+01   0.000000e+00   0.000000e+00   0.000000e+00   0.000000e+00   0.000000e+00   0.000000e+00   0.000000e+00
   1.075000e+01   0.000000e+00   0.000000e+00   0.000000e+00   0.000000e+00   0.000000e+00   0.000000e+00   0.000000e+00
   1.100000e+01   0.000000e+00   0.000000e+00   0.000000e+00   0.000000e+00   0.000000e+00   0.000000e+00   0.000000e+00
   1.125000e+01   0.000000e+00   0.000000e+00   0.000000e+00   0.000000e+00   0.000000e+00   0.000000e+00   0.000000e+00
   1.150000e+01   0.000000e+00   0.000000e+00   0.000000e+00   0.000000e+00   0.000000e+00   0.000000e+00   0.000000e+00
   1.175000e+01   0.000000e+00   0.000000e+00   0.000000e+00   0.000000e+00   0.000000e+00   0.000000e+00   0.000000e+00
   1.200000e+01   0.000000e+00   0.000000e+00   0.000000e+00   0.000000e+00   0.000000e+00   0.000000e+00   0.000000e+00
   1.225000e+01   0.000000e+00   0.000000e+00   0.000000e+00   0.000000e+00   0.000000e+00   0.000000e+00   0.000000e+00
   1.250000e+01   0.000000e+00   0.000000e+00   0.000000e+00   0.000000e+00   0.000000e+00   0.000000e+00   0.000000e+00
   1.275000e+01   0.000000e+00   0.000000e+00   0.000000e+00   0.000000e+00   0.000000e+00   0.000000e+00   0.000000e+00
   1.300000e+01   0.000000e+00   0.000000e+00   0.000000e+00   0.000000e+00   0.000000e+00   0.000000e+00   0.000000e+00
   1.325000e+01   0.000000e+00   0.000000e+00   0.000000e+00   0.000000e+00   0.000000e+00   0.000000e+00   0.000000e+00
   1.350000e+01   0.000000e+00   0.000000e+00   0.000000e+00   0.000000e+00   0.000000e+00   0.000000e+00   0.000000e+00
   1.375000e+01   0.000000e+00   0.000000e+00   0.000000e+00   0.000000e+00   0.000000e+00   0.000000e+00   0.000000e+00
   1.400000e+01   0.000000e+00   0.000000e+00   0.000000e+00   0.000000e+00   0.000000e+00   0.000000e+00   0.000000e+00
   1.425000e+01   0.000000e+00   0.000000e+00   0.000000e+00   0.000000e+00   0.000000e+00   0.000000e+00   0.000000e+00
   1.450000e+01   0.000000e+00   0.000000e+00   0.000000e+00   0.000000e+00   0.000000e+00   0.000000e+00   0.000000e+00
   1.475000e+01   0.000000e+00   0.000000e+00   0.000000e+00   0.000000e+00   0.000000e+00   0.000000e+00   0.000000e+00
   1.500000e+01   0.000000e+00   0.000000e+00   0.000000e+00   0.000000e+00   0.000000e+00   0.000000e+00   0.000000e+00
