# New G.A.S. format
# filter of Planck_F217
# download from  "Filter Profile Service" (http://svo2.cab.inta-csic.es/theory/fps)
# Wavelenght table as been reduced by a factor 6
# After the "START" signal, the file is bild as follow:
# Filter name
# nwave: number of wavelenght
# center wavelenght [micron]
# and for l=1 to nwave, lambda [micron] | transmission [without unit]
START
Planck_F217
116
1381.53206
520.83331   0.0000000
529.10054   0.0000000
537.63440   0.0000000
546.44811   0.0000001
555.55556   0.0000008
564.97173   0.0000022
574.71266   0.0000044
584.79531   0.0000072
595.23812   0.0000019
606.06061   0.0000033
617.28392   0.0000000
628.93083   0.0000004
641.02563   0.0000006
653.59476   0.0000005
666.66667   0.0000005
680.27212   0.0000007
694.44446   0.0000007
709.21984   0.0000014
724.63767   0.0000015
740.74074   0.0000026
757.57577   0.0000001
775.19382   0.0000007
793.65077   0.0000035
813.00812   0.0000064
833.33333   0.0000106
854.70087   0.0001592
877.19301   0.0003832
900.90087   0.0007659
925.92591   0.0010323
952.38095   0.0013715
980.39218   0.0020137
1010.10105   0.0020925
1041.66663   0.0028004
1075.26880   0.0052319
1104.36219   0.0121710
1116.84077   0.0134201
1129.60469   0.0576682
1142.66373   0.1038012
1156.02825   0.1373374
1169.70908   0.2933003
1183.71747   0.4975723
1198.06559   0.5734730
1212.76581   0.5497827
1227.83126   0.7620519
1243.27556   0.7716979
1259.11358   0.9484800
1275.36016   0.7785588
1292.03157   0.9499135
1298.70970   0.9615638
1300.40365   0.9530042
1301.81865   0.9322297
1303.39006   0.8959487
1304.94261   0.8531893
1306.36751   0.8264654
1308.08152   0.8366368
1309.51328   0.8776403
1311.23564   0.9298499
1312.67433   0.9498078
1314.40493   0.9358738
1315.85058   0.8972563
1317.58958   0.8364865
1319.04233   0.7977870
1320.78978   0.7881427
1322.24952   0.8073497
1323.75552   0.8398927
1325.47234   0.8838666
1326.94254   0.9233963
1328.71100   0.9628128
1330.18830   0.9806351
1331.96543   0.9777368
1333.44999   0.9505923
1335.23593   0.8927673
1336.72779   0.8452752
1338.52245   0.8221002
1340.02167   0.8360132
1341.72509   0.8707615
1343.33190   0.9043242
1344.84192   0.9274797
1346.65844   0.9376731
1348.17595   0.9312750
1350.00150   0.9108273
1351.52664   0.8844796
1353.36128   0.8464725
1354.89395   0.8245117
1356.73775   0.8242018
1358.27816   0.8347685
1360.13119   0.8412978
1361.67923   0.8486868
1363.31605   0.8722876
1365.09737   0.9072113
1366.65684   0.9288488
1368.53281   0.9430581
1375.96860   0.8860870
1395.39408   0.7025724
1415.37581   0.7765717
1435.93821   0.9084459
1457.10688   0.9873843
1478.90892   0.7494777
1501.37340   0.5839058
1524.53077   0.6395809
1548.41381   0.6878141
1573.05694   0.5481686
1598.49726   0.3564631
1624.77386   0.2889100
1651.92891   0.0764251
1680.00708   0.0015817
1709.05612   0.0002006
1739.12755   0.0000409
1770.27602   0.0000108
1802.56076   0.0000034
1836.04477   0.0000012
1870.79648   0.0000005
1906.88892   0.0000002
1944.40156   0.0000001
1983.41974   0.0000000
2024.03573   0.0000000
