# New G.A.S. format
# In this file, each line of the header is starting by #
#    data are saved after the keyword START
# Cooling efficiency [erg.cm^3/s] associated to different metallicities
#   computed from Rijcke 2013
# 
# This data file has build as follow:
# nTempBins nMetBins
# dlogTemp dlogMet
# List of Temperatures (in log) [K]             : TempBins
# List of metalicity bins (in log) [mass ratio] : MetBins
# A blank line starting with # 
# And for each following data line (i: Temp index): logLambda(i,1:nMetBins) in erg.cm^3/s
START
101  46
0.05  0.1
3.0  3.05  3.1  3.15  3.2  3.25  3.3  3.35  3.4  3.45  3.5  3.55  3.6  3.65  3.7  3.75  3.8  3.85  3.9  3.95  4.0  4.05  4.1  4.15  4.2  4.25  4.3  4.35  4.4  4.45  4.5  4.55  4.6  4.65  4.7  4.75  4.8  4.85  4.9  4.95  5.0  5.05  5.1  5.15  5.2  5.25  5.3  5.35  5.4  5.45  5.5  5.55  5.6  5.65  5.7  5.75  5.8  5.85  5.9  5.95  6.0  6.05  6.1  6.15  6.2  6.25  6.3  6.35  6.4  6.45  6.5  6.55  6.6  6.65  6.7  6.75  6.8  6.85  6.9  6.95  7.0  7.05  7.1  7.15  7.2  7.25  7.3  7.35  7.4  7.45  7.5  7.55  7.6  7.65  7.7  7.75  7.8  7.85  7.9  7.95  8.0
-5.5  -5.4  -5.3  -5.2  -5.1  -5.0  -4.9  -4.8  -4.7  -4.6  -4.5  -4.4  -4.3  -4.2  -4.1  -4.0  -3.9  -3.8  -3.7  -3.6  -3.5  -3.4  -3.3  -3.2  -3.1  -3.0  -2.9  -2.8  -2.7  -2.6  -2.5  -2.4  -2.3  -2.2  -2.1  -2.0  -1.9  -1.8  -1.7  -1.6  -1.5  -1.4  -1.3  -1.2  -1.1  -1.0
#
  -2.488428e+01  -2.488159e+01  -2.487889e+01  -2.487620e+01  -2.487351e+01  -2.487081e+01  -2.486812e+01  -2.486543e+01  -2.486273e+01  -2.486004e+01  -2.485735e+01  -2.485465e+01  -2.485196e+01  -2.484927e+01  -2.484658e+01  -2.484388e+01  -2.484119e+01  -2.483850e+01  -2.483580e+01  -2.480322e+01  -2.477034e+01  -2.473745e+01  -2.470456e+01  -2.467167e+01  -2.463878e+01  -2.460589e+01  -2.457300e+01  -2.454011e+01  -2.450722e+01  -2.444446e+01  -2.438138e+01  -2.431830e+01  -2.425523e+01  -2.419215e+01  -2.410509e+01  -2.401779e+01  -2.393048e+01  -2.384317e+01  -2.375586e+01  -2.366137e+01  -2.356680e+01  -2.347223e+01  -2.337767e+01  -2.328310e+01  -2.328212e+01  -2.328212e+01
  -2.484201e+01  -2.483944e+01  -2.483687e+01  -2.483429e+01  -2.483172e+01  -2.482915e+01  -2.482658e+01  -2.482401e+01  -2.482143e+01  -2.481886e+01  -2.481629e+01  -2.481372e+01  -2.481115e+01  -2.480857e+01  -2.480600e+01  -2.480343e+01  -2.480086e+01  -2.479829e+01  -2.479571e+01  -2.476420e+01  -2.473238e+01  -2.470057e+01  -2.466875e+01  -2.463694e+01  -2.460512e+01  -2.457331e+01  -2.454149e+01  -2.450968e+01  -2.447786e+01  -2.441653e+01  -2.435488e+01  -2.429324e+01  -2.423159e+01  -2.416995e+01  -2.408330e+01  -2.399638e+01  -2.390947e+01  -2.382255e+01  -2.373564e+01  -2.364170e+01  -2.354769e+01  -2.345368e+01  -2.335967e+01  -2.326566e+01  -2.326469e+01  -2.326469e+01
  -2.480107e+01  -2.479858e+01  -2.479608e+01  -2.479358e+01  -2.479109e+01  -2.478859e+01  -2.478609e+01  -2.478360e+01  -2.478110e+01  -2.477861e+01  -2.477611e+01  -2.477361e+01  -2.477112e+01  -2.476862e+01  -2.476612e+01  -2.476363e+01  -2.476113e+01  -2.475864e+01  -2.475614e+01  -2.472603e+01  -2.469563e+01  -2.466523e+01  -2.463483e+01  -2.460444e+01  -2.457404e+01  -2.454364e+01  -2.451324e+01  -2.448284e+01  -2.445245e+01  -2.439180e+01  -2.433084e+01  -2.426988e+01  -2.420892e+01  -2.414796e+01  -2.406402e+01  -2.397984e+01  -2.389567e+01  -2.381149e+01  -2.372732e+01  -2.363208e+01  -2.353672e+01  -2.344136e+01  -2.334600e+01  -2.325064e+01  -2.324966e+01  -2.324966e+01
  -2.476145e+01  -2.475902e+01  -2.475658e+01  -2.475415e+01  -2.475172e+01  -2.474929e+01  -2.474686e+01  -2.474442e+01  -2.474199e+01  -2.473956e+01  -2.473713e+01  -2.473470e+01  -2.473227e+01  -2.472983e+01  -2.472740e+01  -2.472497e+01  -2.472254e+01  -2.472011e+01  -2.471768e+01  -2.468906e+01  -2.466017e+01  -2.463128e+01  -2.460239e+01  -2.457349e+01  -2.454460e+01  -2.451571e+01  -2.448682e+01  -2.445793e+01  -2.442904e+01  -2.436888e+01  -2.430840e+01  -2.424792e+01  -2.418744e+01  -2.412696e+01  -2.404374e+01  -2.396028e+01  -2.387682e+01  -2.379336e+01  -2.370990e+01  -2.361498e+01  -2.351994e+01  -2.342490e+01  -2.332987e+01  -2.323483e+01  -2.323385e+01  -2.323385e+01
  -2.472193e+01  -2.471956e+01  -2.471719e+01  -2.471481e+01  -2.471244e+01  -2.471007e+01  -2.470769e+01  -2.470532e+01  -2.470294e+01  -2.470057e+01  -2.469820e+01  -2.469582e+01  -2.469345e+01  -2.469108e+01  -2.468870e+01  -2.468633e+01  -2.468396e+01  -2.468158e+01  -2.467921e+01  -2.465209e+01  -2.462470e+01  -2.459732e+01  -2.456994e+01  -2.454256e+01  -2.451517e+01  -2.448779e+01  -2.446041e+01  -2.443303e+01  -2.440564e+01  -2.434674e+01  -2.428751e+01  -2.422828e+01  -2.416905e+01  -2.410981e+01  -2.402658e+01  -2.394310e+01  -2.385962e+01  -2.377614e+01  -2.369266e+01  -2.359888e+01  -2.350500e+01  -2.341111e+01  -2.331723e+01  -2.322334e+01  -2.322237e+01  -2.322237e+01
  -2.468481e+01  -2.468237e+01  -2.467992e+01  -2.467747e+01  -2.467502e+01  -2.467257e+01  -2.467012e+01  -2.466768e+01  -2.466523e+01  -2.466278e+01  -2.466033e+01  -2.465788e+01  -2.465544e+01  -2.465299e+01  -2.465054e+01  -2.464809e+01  -2.464564e+01  -2.464319e+01  -2.464075e+01  -2.461511e+01  -2.458924e+01  -2.456336e+01  -2.453749e+01  -2.451161e+01  -2.448574e+01  -2.445986e+01  -2.443399e+01  -2.440811e+01  -2.438224e+01  -2.432380e+01  -2.426503e+01  -2.420626e+01  -2.414748e+01  -2.408871e+01  -2.400695e+01  -2.392495e+01  -2.384295e+01  -2.376096e+01  -2.367896e+01  -2.358448e+01  -2.348987e+01  -2.339526e+01  -2.330066e+01  -2.320605e+01  -2.320507e+01  -2.320507e+01
  -2.464833e+01  -2.464594e+01  -2.464355e+01  -2.464117e+01  -2.463878e+01  -2.463639e+01  -2.463400e+01  -2.463161e+01  -2.462923e+01  -2.462684e+01  -2.462445e+01  -2.462206e+01  -2.461968e+01  -2.461729e+01  -2.461490e+01  -2.461251e+01  -2.461013e+01  -2.460774e+01  -2.460535e+01  -2.458083e+01  -2.455608e+01  -2.453134e+01  -2.450659e+01  -2.448184e+01  -2.445709e+01  -2.443234e+01  -2.440760e+01  -2.438285e+01  -2.435810e+01  -2.429956e+01  -2.424068e+01  -2.418179e+01  -2.412290e+01  -2.406401e+01  -2.398427e+01  -2.390431e+01  -2.382436e+01  -2.374440e+01  -2.366444e+01  -2.357092e+01  -2.347726e+01  -2.338360e+01  -2.328995e+01  -2.319629e+01  -2.319532e+01  -2.319532e+01
  -2.461205e+01  -2.460983e+01  -2.460761e+01  -2.460539e+01  -2.460316e+01  -2.460094e+01  -2.459872e+01  -2.459650e+01  -2.459428e+01  -2.459206e+01  -2.458983e+01  -2.458761e+01  -2.458539e+01  -2.458317e+01  -2.458095e+01  -2.457873e+01  -2.457650e+01  -2.457428e+01  -2.457206e+01  -2.454824e+01  -2.452420e+01  -2.450015e+01  -2.447611e+01  -2.445207e+01  -2.442802e+01  -2.440398e+01  -2.437994e+01  -2.435589e+01  -2.433185e+01  -2.427455e+01  -2.421691e+01  -2.415927e+01  -2.410163e+01  -2.404399e+01  -2.396526e+01  -2.388631e+01  -2.380736e+01  -2.372841e+01  -2.364946e+01  -2.355633e+01  -2.346305e+01  -2.336977e+01  -2.327649e+01  -2.318321e+01  -2.318225e+01  -2.318225e+01
  -2.457421e+01  -2.457224e+01  -2.457027e+01  -2.456830e+01  -2.456634e+01  -2.456437e+01  -2.456240e+01  -2.456043e+01  -2.455846e+01  -2.455650e+01  -2.455453e+01  -2.455256e+01  -2.455059e+01  -2.454862e+01  -2.454665e+01  -2.454469e+01  -2.454272e+01  -2.454075e+01  -2.453878e+01  -2.451566e+01  -2.449232e+01  -2.446898e+01  -2.444564e+01  -2.442230e+01  -2.439896e+01  -2.437562e+01  -2.435228e+01  -2.432894e+01  -2.430560e+01  -2.424938e+01  -2.419282e+01  -2.413626e+01  -2.407969e+01  -2.402313e+01  -2.394488e+01  -2.386640e+01  -2.378792e+01  -2.370944e+01  -2.363096e+01  -2.353860e+01  -2.344609e+01  -2.335358e+01  -2.326107e+01  -2.316856e+01  -2.316760e+01  -2.316760e+01
  -2.453481e+01  -2.453303e+01  -2.453124e+01  -2.452945e+01  -2.452767e+01  -2.452588e+01  -2.452409e+01  -2.452230e+01  -2.452052e+01  -2.451873e+01  -2.451694e+01  -2.451515e+01  -2.451337e+01  -2.451158e+01  -2.450979e+01  -2.450800e+01  -2.450622e+01  -2.450443e+01  -2.450264e+01  -2.448050e+01  -2.445815e+01  -2.443580e+01  -2.441345e+01  -2.439110e+01  -2.436875e+01  -2.434640e+01  -2.432405e+01  -2.430170e+01  -2.427935e+01  -2.422407e+01  -2.416844e+01  -2.411280e+01  -2.405717e+01  -2.400154e+01  -2.392457e+01  -2.384738e+01  -2.377019e+01  -2.369300e+01  -2.361581e+01  -2.352272e+01  -2.342946e+01  -2.333620e+01  -2.324295e+01  -2.314969e+01  -2.314873e+01  -2.314873e+01
  -2.449530e+01  -2.449364e+01  -2.449198e+01  -2.449032e+01  -2.448866e+01  -2.448700e+01  -2.448534e+01  -2.448367e+01  -2.448201e+01  -2.448035e+01  -2.447869e+01  -2.447703e+01  -2.447537e+01  -2.447371e+01  -2.447205e+01  -2.447039e+01  -2.446873e+01  -2.446706e+01  -2.446540e+01  -2.444435e+01  -2.442310e+01  -2.440185e+01  -2.438060e+01  -2.435935e+01  -2.433810e+01  -2.431685e+01  -2.429560e+01  -2.427435e+01  -2.425310e+01  -2.419886e+01  -2.414428e+01  -2.408971e+01  -2.403513e+01  -2.398055e+01  -2.390390e+01  -2.382702e+01  -2.375013e+01  -2.367325e+01  -2.359637e+01  -2.350150e+01  -2.340644e+01  -2.331139e+01  -2.321633e+01  -2.312127e+01  -2.312029e+01  -2.312029e+01
  -2.446131e+01  -2.445953e+01  -2.445775e+01  -2.445597e+01  -2.445419e+01  -2.445240e+01  -2.445062e+01  -2.444884e+01  -2.444706e+01  -2.444528e+01  -2.444350e+01  -2.444172e+01  -2.443993e+01  -2.443815e+01  -2.443637e+01  -2.443459e+01  -2.443281e+01  -2.443103e+01  -2.442925e+01  -2.440887e+01  -2.438830e+01  -2.436773e+01  -2.434716e+01  -2.432659e+01  -2.430602e+01  -2.428545e+01  -2.426488e+01  -2.424431e+01  -2.422374e+01  -2.417051e+01  -2.411695e+01  -2.406338e+01  -2.400981e+01  -2.395624e+01  -2.387804e+01  -2.379958e+01  -2.372113e+01  -2.364267e+01  -2.356422e+01  -2.347237e+01  -2.338038e+01  -2.328839e+01  -2.319640e+01  -2.310441e+01  -2.310346e+01  -2.310346e+01
  -2.443066e+01  -2.442891e+01  -2.442716e+01  -2.442541e+01  -2.442366e+01  -2.442191e+01  -2.442016e+01  -2.441842e+01  -2.441667e+01  -2.441492e+01  -2.441317e+01  -2.441142e+01  -2.440967e+01  -2.440792e+01  -2.440618e+01  -2.440443e+01  -2.440268e+01  -2.440093e+01  -2.439918e+01  -2.437871e+01  -2.435805e+01  -2.433739e+01  -2.431673e+01  -2.429606e+01  -2.427540e+01  -2.425474e+01  -2.423407e+01  -2.421341e+01  -2.419275e+01  -2.414007e+01  -2.408706e+01  -2.403405e+01  -2.398104e+01  -2.392803e+01  -2.385128e+01  -2.377428e+01  -2.369729e+01  -2.362029e+01  -2.354329e+01  -2.344898e+01  -2.335448e+01  -2.325998e+01  -2.316549e+01  -2.307099e+01  -2.307002e+01  -2.307002e+01
  -2.440069e+01  -2.439893e+01  -2.439717e+01  -2.439541e+01  -2.439365e+01  -2.439189e+01  -2.439013e+01  -2.438837e+01  -2.438661e+01  -2.438485e+01  -2.438308e+01  -2.438132e+01  -2.437956e+01  -2.437780e+01  -2.437604e+01  -2.437428e+01  -2.437252e+01  -2.437076e+01  -2.436900e+01  -2.434827e+01  -2.432734e+01  -2.430642e+01  -2.428549e+01  -2.426457e+01  -2.424364e+01  -2.422272e+01  -2.420179e+01  -2.418086e+01  -2.415994e+01  -2.410781e+01  -2.405537e+01  -2.400292e+01  -2.395047e+01  -2.389802e+01  -2.382108e+01  -2.374388e+01  -2.366668e+01  -2.358948e+01  -2.351228e+01  -2.342012e+01  -2.332780e+01  -2.323549e+01  -2.314317e+01  -2.305085e+01  -2.304990e+01  -2.304990e+01
  -2.437190e+01  -2.437003e+01  -2.436817e+01  -2.436630e+01  -2.436443e+01  -2.436257e+01  -2.436070e+01  -2.435884e+01  -2.435697e+01  -2.435510e+01  -2.435324e+01  -2.435137e+01  -2.434951e+01  -2.434764e+01  -2.434577e+01  -2.434391e+01  -2.434204e+01  -2.434018e+01  -2.433831e+01  -2.431744e+01  -2.429637e+01  -2.427531e+01  -2.425424e+01  -2.423317e+01  -2.421211e+01  -2.419104e+01  -2.416997e+01  -2.414890e+01  -2.412784e+01  -2.407612e+01  -2.402408e+01  -2.397204e+01  -2.392000e+01  -2.386796e+01  -2.379073e+01  -2.371324e+01  -2.363575e+01  -2.355826e+01  -2.348077e+01  -2.338781e+01  -2.329469e+01  -2.320157e+01  -2.310845e+01  -2.301533e+01  -2.301437e+01  -2.301437e+01
  -2.434117e+01  -2.433931e+01  -2.433744e+01  -2.433558e+01  -2.433372e+01  -2.433185e+01  -2.432999e+01  -2.432813e+01  -2.432626e+01  -2.432440e+01  -2.432253e+01  -2.432067e+01  -2.431881e+01  -2.431694e+01  -2.431508e+01  -2.431321e+01  -2.431135e+01  -2.430949e+01  -2.430762e+01  -2.428672e+01  -2.426563e+01  -2.424453e+01  -2.422344e+01  -2.420234e+01  -2.418125e+01  -2.416015e+01  -2.413905e+01  -2.411796e+01  -2.409686e+01  -2.404505e+01  -2.399291e+01  -2.394078e+01  -2.388865e+01  -2.383651e+01  -2.375842e+01  -2.368006e+01  -2.360170e+01  -2.352334e+01  -2.344497e+01  -2.335511e+01  -2.326512e+01  -2.317513e+01  -2.308514e+01  -2.299515e+01  -2.299423e+01  -2.299423e+01
  -2.430755e+01  -2.430578e+01  -2.430402e+01  -2.430225e+01  -2.430049e+01  -2.429872e+01  -2.429695e+01  -2.429519e+01  -2.429342e+01  -2.429166e+01  -2.428989e+01  -2.428812e+01  -2.428636e+01  -2.428459e+01  -2.428283e+01  -2.428106e+01  -2.427929e+01  -2.427753e+01  -2.427576e+01  -2.425430e+01  -2.423262e+01  -2.421095e+01  -2.418928e+01  -2.416761e+01  -2.414594e+01  -2.412427e+01  -2.410260e+01  -2.408093e+01  -2.405925e+01  -2.400611e+01  -2.395264e+01  -2.389917e+01  -2.384570e+01  -2.379223e+01  -2.371506e+01  -2.363764e+01  -2.356021e+01  -2.348279e+01  -2.340537e+01  -2.331385e+01  -2.322218e+01  -2.313051e+01  -2.303885e+01  -2.294718e+01  -2.294623e+01  -2.294623e+01
  -2.427546e+01  -2.427346e+01  -2.427145e+01  -2.426944e+01  -2.426744e+01  -2.426543e+01  -2.426342e+01  -2.426141e+01  -2.425941e+01  -2.425740e+01  -2.425539e+01  -2.425339e+01  -2.425138e+01  -2.424937e+01  -2.424737e+01  -2.424536e+01  -2.424335e+01  -2.424135e+01  -2.423934e+01  -2.421751e+01  -2.419547e+01  -2.417343e+01  -2.415139e+01  -2.412935e+01  -2.410731e+01  -2.408527e+01  -2.406323e+01  -2.404119e+01  -2.401915e+01  -2.396587e+01  -2.391227e+01  -2.385867e+01  -2.380506e+01  -2.375146e+01  -2.367306e+01  -2.359441e+01  -2.351575e+01  -2.343709e+01  -2.335844e+01  -2.326651e+01  -2.317444e+01  -2.308237e+01  -2.299030e+01  -2.289823e+01  -2.289728e+01  -2.289728e+01
  -2.423120e+01  -2.422963e+01  -2.422806e+01  -2.422649e+01  -2.422492e+01  -2.422334e+01  -2.422177e+01  -2.422020e+01  -2.421863e+01  -2.421706e+01  -2.421548e+01  -2.421391e+01  -2.421234e+01  -2.421077e+01  -2.420920e+01  -2.420763e+01  -2.420605e+01  -2.420448e+01  -2.420291e+01  -2.418072e+01  -2.415832e+01  -2.413592e+01  -2.411352e+01  -2.409112e+01  -2.406872e+01  -2.404632e+01  -2.402392e+01  -2.400152e+01  -2.397912e+01  -2.392371e+01  -2.386797e+01  -2.381222e+01  -2.375647e+01  -2.370073e+01  -2.362000e+01  -2.353902e+01  -2.345804e+01  -2.337705e+01  -2.329607e+01  -2.320469e+01  -2.311320e+01  -2.302171e+01  -2.293022e+01  -2.283873e+01  -2.283779e+01  -2.283779e+01
  -2.416528e+01  -2.416360e+01  -2.416193e+01  -2.416025e+01  -2.415858e+01  -2.415690e+01  -2.415523e+01  -2.415355e+01  -2.415188e+01  -2.415020e+01  -2.414853e+01  -2.414685e+01  -2.414518e+01  -2.414350e+01  -2.414183e+01  -2.414015e+01  -2.413848e+01  -2.413680e+01  -2.413513e+01  -2.411130e+01  -2.408724e+01  -2.406318e+01  -2.403912e+01  -2.401507e+01  -2.399101e+01  -2.396695e+01  -2.394289e+01  -2.391883e+01  -2.389477e+01  -2.384144e+01  -2.378780e+01  -2.373416e+01  -2.368053e+01  -2.362689e+01  -2.354670e+01  -2.346623e+01  -2.338577e+01  -2.330530e+01  -2.322484e+01  -2.313284e+01  -2.304073e+01  -2.294861e+01  -2.285650e+01  -2.276438e+01  -2.276344e+01  -2.276344e+01
  -2.394011e+01  -2.393626e+01  -2.393241e+01  -2.392857e+01  -2.392472e+01  -2.392087e+01  -2.391702e+01  -2.391318e+01  -2.390933e+01  -2.390548e+01  -2.390163e+01  -2.389779e+01  -2.389394e+01  -2.389009e+01  -2.388624e+01  -2.388240e+01  -2.387855e+01  -2.387470e+01  -2.387085e+01  -2.385920e+01  -2.384745e+01  -2.383571e+01  -2.382397e+01  -2.381223e+01  -2.380049e+01  -2.378875e+01  -2.377701e+01  -2.376527e+01  -2.375353e+01  -2.371273e+01  -2.367163e+01  -2.363053e+01  -2.358944e+01  -2.354834e+01  -2.346414e+01  -2.337949e+01  -2.329484e+01  -2.321020e+01  -2.312555e+01  -2.303577e+01  -2.294593e+01  -2.285609e+01  -2.276626e+01  -2.267642e+01  -2.267550e+01  -2.267550e+01
  -2.366094e+01  -2.364930e+01  -2.363767e+01  -2.362603e+01  -2.361440e+01  -2.360276e+01  -2.359113e+01  -2.357949e+01  -2.356786e+01  -2.355622e+01  -2.354459e+01  -2.353295e+01  -2.352131e+01  -2.350968e+01  -2.349804e+01  -2.348641e+01  -2.347477e+01  -2.346314e+01  -2.345150e+01  -2.345799e+01  -2.346467e+01  -2.347134e+01  -2.347802e+01  -2.348470e+01  -2.349137e+01  -2.349805e+01  -2.350472e+01  -2.351140e+01  -2.351808e+01  -2.349494e+01  -2.347149e+01  -2.344804e+01  -2.342459e+01  -2.340114e+01  -2.331850e+01  -2.323524e+01  -2.315198e+01  -2.306872e+01  -2.298546e+01  -2.290077e+01  -2.281606e+01  -2.273135e+01  -2.264664e+01  -2.256193e+01  -2.256106e+01  -2.256106e+01
  -2.334805e+01  -2.333998e+01  -2.333190e+01  -2.332383e+01  -2.331575e+01  -2.330768e+01  -2.329960e+01  -2.329152e+01  -2.328345e+01  -2.327537e+01  -2.326730e+01  -2.325922e+01  -2.325115e+01  -2.324307e+01  -2.323500e+01  -2.322692e+01  -2.321885e+01  -2.321077e+01  -2.320270e+01  -2.320848e+01  -2.321440e+01  -2.322033e+01  -2.322626e+01  -2.323218e+01  -2.323811e+01  -2.324404e+01  -2.324996e+01  -2.325589e+01  -2.326181e+01  -2.324615e+01  -2.323027e+01  -2.321438e+01  -2.319849e+01  -2.318261e+01  -2.311054e+01  -2.303789e+01  -2.296523e+01  -2.289258e+01  -2.281993e+01  -2.274588e+01  -2.267181e+01  -2.259774e+01  -2.252367e+01  -2.244960e+01  -2.244884e+01  -2.244884e+01
  -2.304045e+01  -2.303614e+01  -2.303182e+01  -2.302751e+01  -2.302319e+01  -2.301888e+01  -2.301456e+01  -2.301025e+01  -2.300594e+01  -2.300162e+01  -2.299731e+01  -2.299299e+01  -2.298868e+01  -2.298436e+01  -2.298005e+01  -2.297574e+01  -2.297142e+01  -2.296711e+01  -2.296279e+01  -2.296630e+01  -2.296988e+01  -2.297347e+01  -2.297706e+01  -2.298064e+01  -2.298423e+01  -2.298782e+01  -2.299140e+01  -2.299499e+01  -2.299857e+01  -2.299197e+01  -2.298525e+01  -2.297854e+01  -2.297183e+01  -2.296512e+01  -2.289624e+01  -2.282671e+01  -2.275718e+01  -2.268766e+01  -2.261813e+01  -2.255122e+01  -2.248434e+01  -2.241746e+01  -2.235058e+01  -2.228370e+01  -2.228301e+01  -2.228301e+01
  -2.262307e+01  -2.262043e+01  -2.261778e+01  -2.261514e+01  -2.261249e+01  -2.260985e+01  -2.260720e+01  -2.260456e+01  -2.260191e+01  -2.259927e+01  -2.259663e+01  -2.259398e+01  -2.259134e+01  -2.258869e+01  -2.258605e+01  -2.258340e+01  -2.258076e+01  -2.257811e+01  -2.257547e+01  -2.257109e+01  -2.256670e+01  -2.256231e+01  -2.255792e+01  -2.255353e+01  -2.254914e+01  -2.254474e+01  -2.254035e+01  -2.253596e+01  -2.253157e+01  -2.254304e+01  -2.255468e+01  -2.256632e+01  -2.257795e+01  -2.258959e+01  -2.255467e+01  -2.251927e+01  -2.248387e+01  -2.244846e+01  -2.241306e+01  -2.235565e+01  -2.229801e+01  -2.224037e+01  -2.218273e+01  -2.212509e+01  -2.212450e+01  -2.212450e+01
  -2.234367e+01  -2.234316e+01  -2.234264e+01  -2.234213e+01  -2.234161e+01  -2.234110e+01  -2.234058e+01  -2.234007e+01  -2.233955e+01  -2.233903e+01  -2.233852e+01  -2.233800e+01  -2.233749e+01  -2.233697e+01  -2.233646e+01  -2.233594e+01  -2.233543e+01  -2.233491e+01  -2.233439e+01  -2.233173e+01  -2.232905e+01  -2.232637e+01  -2.232368e+01  -2.232100e+01  -2.231832e+01  -2.231563e+01  -2.231295e+01  -2.231027e+01  -2.230758e+01  -2.230707e+01  -2.230658e+01  -2.230609e+01  -2.230560e+01  -2.230511e+01  -2.228588e+01  -2.226646e+01  -2.224703e+01  -2.222761e+01  -2.220818e+01  -2.215931e+01  -2.211013e+01  -2.206094e+01  -2.201176e+01  -2.196258e+01  -2.196208e+01  -2.196208e+01
  -2.223445e+01  -2.223146e+01  -2.222846e+01  -2.222547e+01  -2.222248e+01  -2.221948e+01  -2.221649e+01  -2.221350e+01  -2.221050e+01  -2.220751e+01  -2.220452e+01  -2.220152e+01  -2.219853e+01  -2.219554e+01  -2.219254e+01  -2.218955e+01  -2.218656e+01  -2.218356e+01  -2.218057e+01  -2.217935e+01  -2.217814e+01  -2.217694e+01  -2.217573e+01  -2.217453e+01  -2.217332e+01  -2.217212e+01  -2.217091e+01  -2.216971e+01  -2.216850e+01  -2.217197e+01  -2.217549e+01  -2.217900e+01  -2.218252e+01  -2.218603e+01  -2.216183e+01  -2.213734e+01  -2.211285e+01  -2.208836e+01  -2.206387e+01  -2.202503e+01  -2.198603e+01  -2.194704e+01  -2.190805e+01  -2.186906e+01  -2.186866e+01  -2.186866e+01
  -2.219812e+01  -2.219632e+01  -2.219453e+01  -2.219273e+01  -2.219093e+01  -2.218913e+01  -2.218733e+01  -2.218553e+01  -2.218373e+01  -2.218194e+01  -2.218014e+01  -2.217834e+01  -2.217654e+01  -2.217474e+01  -2.217294e+01  -2.217114e+01  -2.216934e+01  -2.216755e+01  -2.216575e+01  -2.216445e+01  -2.216316e+01  -2.216187e+01  -2.216058e+01  -2.215929e+01  -2.215800e+01  -2.215670e+01  -2.215541e+01  -2.215412e+01  -2.215283e+01  -2.214891e+01  -2.214497e+01  -2.214103e+01  -2.213708e+01  -2.213314e+01  -2.209919e+01  -2.206493e+01  -2.203067e+01  -2.199641e+01  -2.196215e+01  -2.193245e+01  -2.190280e+01  -2.187316e+01  -2.184351e+01  -2.181386e+01  -2.181356e+01  -2.181356e+01
  -2.222510e+01  -2.222418e+01  -2.222326e+01  -2.222234e+01  -2.222142e+01  -2.222050e+01  -2.221958e+01  -2.221866e+01  -2.221774e+01  -2.221682e+01  -2.221590e+01  -2.221499e+01  -2.221407e+01  -2.221315e+01  -2.221223e+01  -2.221131e+01  -2.221039e+01  -2.220947e+01  -2.220855e+01  -2.220986e+01  -2.221120e+01  -2.221254e+01  -2.221387e+01  -2.221521e+01  -2.221655e+01  -2.221788e+01  -2.221922e+01  -2.222056e+01  -2.222190e+01  -2.220393e+01  -2.218577e+01  -2.216761e+01  -2.214944e+01  -2.213128e+01  -2.210526e+01  -2.207915e+01  -2.205305e+01  -2.202694e+01  -2.200083e+01  -2.195427e+01  -2.190750e+01  -2.186072e+01  -2.181395e+01  -2.176717e+01  -2.176669e+01  -2.176669e+01
  -2.232061e+01  -2.231940e+01  -2.231818e+01  -2.231696e+01  -2.231574e+01  -2.231452e+01  -2.231330e+01  -2.231209e+01  -2.231087e+01  -2.230965e+01  -2.230843e+01  -2.230721e+01  -2.230599e+01  -2.230477e+01  -2.230356e+01  -2.230234e+01  -2.230112e+01  -2.229990e+01  -2.229868e+01  -2.229767e+01  -2.229667e+01  -2.229566e+01  -2.229465e+01  -2.229365e+01  -2.229264e+01  -2.229163e+01  -2.229063e+01  -2.228962e+01  -2.228861e+01  -2.226496e+01  -2.224106e+01  -2.221717e+01  -2.219328e+01  -2.216939e+01  -2.214120e+01  -2.211297e+01  -2.208473e+01  -2.205650e+01  -2.202827e+01  -2.197098e+01  -2.191339e+01  -2.185581e+01  -2.179822e+01  -2.174063e+01  -2.174004e+01  -2.174004e+01
  -2.242947e+01  -2.242835e+01  -2.242723e+01  -2.242610e+01  -2.242498e+01  -2.242385e+01  -2.242273e+01  -2.242161e+01  -2.242048e+01  -2.241936e+01  -2.241823e+01  -2.241711e+01  -2.241598e+01  -2.241486e+01  -2.241374e+01  -2.241261e+01  -2.241149e+01  -2.241036e+01  -2.240924e+01  -2.240284e+01  -2.239638e+01  -2.238992e+01  -2.238346e+01  -2.237700e+01  -2.237054e+01  -2.236408e+01  -2.235762e+01  -2.235116e+01  -2.234470e+01  -2.231920e+01  -2.229350e+01  -2.226781e+01  -2.224211e+01  -2.221641e+01  -2.217862e+01  -2.214070e+01  -2.210278e+01  -2.206486e+01  -2.202694e+01  -2.195769e+01  -2.188812e+01  -2.181854e+01  -2.174897e+01  -2.167939e+01  -2.167868e+01  -2.167868e+01
  -2.253752e+01  -2.253518e+01  -2.253285e+01  -2.253051e+01  -2.252818e+01  -2.252584e+01  -2.252351e+01  -2.252117e+01  -2.251884e+01  -2.251650e+01  -2.251417e+01  -2.251183e+01  -2.250950e+01  -2.250716e+01  -2.250482e+01  -2.250249e+01  -2.250015e+01  -2.249782e+01  -2.249548e+01  -2.248538e+01  -2.247519e+01  -2.246500e+01  -2.245481e+01  -2.244462e+01  -2.243444e+01  -2.242425e+01  -2.241406e+01  -2.240387e+01  -2.239369e+01  -2.236571e+01  -2.233755e+01  -2.230940e+01  -2.228124e+01  -2.225308e+01  -2.220306e+01  -2.215280e+01  -2.210255e+01  -2.205230e+01  -2.200205e+01  -2.192380e+01  -2.184525e+01  -2.176670e+01  -2.168815e+01  -2.160960e+01  -2.160879e+01  -2.160879e+01
  -2.262572e+01  -2.262401e+01  -2.262230e+01  -2.262059e+01  -2.261888e+01  -2.261717e+01  -2.261546e+01  -2.261375e+01  -2.261204e+01  -2.261033e+01  -2.260862e+01  -2.260691e+01  -2.260520e+01  -2.260349e+01  -2.260178e+01  -2.260007e+01  -2.259836e+01  -2.259665e+01  -2.259494e+01  -2.258049e+01  -2.256590e+01  -2.255131e+01  -2.253672e+01  -2.252213e+01  -2.250754e+01  -2.249295e+01  -2.247836e+01  -2.246377e+01  -2.244918e+01  -2.241383e+01  -2.237827e+01  -2.234271e+01  -2.230715e+01  -2.227159e+01  -2.220939e+01  -2.214690e+01  -2.208442e+01  -2.202194e+01  -2.195945e+01  -2.187096e+01  -2.178219e+01  -2.169342e+01  -2.160465e+01  -2.151589e+01  -2.151497e+01  -2.151497e+01
  -2.269034e+01  -2.268847e+01  -2.268660e+01  -2.268473e+01  -2.268286e+01  -2.268100e+01  -2.267913e+01  -2.267726e+01  -2.267539e+01  -2.267352e+01  -2.267166e+01  -2.266979e+01  -2.266792e+01  -2.266605e+01  -2.266418e+01  -2.266232e+01  -2.266045e+01  -2.265858e+01  -2.265671e+01  -2.263944e+01  -2.262201e+01  -2.260459e+01  -2.258716e+01  -2.256973e+01  -2.255230e+01  -2.253487e+01  -2.251744e+01  -2.250001e+01  -2.248258e+01  -2.243865e+01  -2.239444e+01  -2.235024e+01  -2.230603e+01  -2.226182e+01  -2.218769e+01  -2.211325e+01  -2.203880e+01  -2.196436e+01  -2.188992e+01  -2.179967e+01  -2.170925e+01  -2.161884e+01  -2.152843e+01  -2.143802e+01  -2.143708e+01  -2.143708e+01
  -2.270933e+01  -2.270751e+01  -2.270569e+01  -2.270387e+01  -2.270205e+01  -2.270023e+01  -2.269841e+01  -2.269659e+01  -2.269477e+01  -2.269295e+01  -2.269113e+01  -2.268931e+01  -2.268749e+01  -2.268568e+01  -2.268386e+01  -2.268204e+01  -2.268022e+01  -2.267840e+01  -2.267658e+01  -2.265543e+01  -2.263408e+01  -2.261274e+01  -2.259139e+01  -2.257004e+01  -2.254869e+01  -2.252734e+01  -2.250600e+01  -2.248465e+01  -2.246330e+01  -2.241140e+01  -2.235919e+01  -2.230697e+01  -2.225476e+01  -2.220254e+01  -2.212317e+01  -2.204351e+01  -2.196386e+01  -2.188420e+01  -2.180454e+01  -2.171306e+01  -2.162145e+01  -2.152984e+01  -2.143823e+01  -2.134662e+01  -2.134568e+01  -2.134568e+01
  -2.263592e+01  -2.263339e+01  -2.263087e+01  -2.262834e+01  -2.262582e+01  -2.262329e+01  -2.262077e+01  -2.261824e+01  -2.261572e+01  -2.261319e+01  -2.261067e+01  -2.260814e+01  -2.260561e+01  -2.260309e+01  -2.260056e+01  -2.259804e+01  -2.259551e+01  -2.259299e+01  -2.259046e+01  -2.256944e+01  -2.254823e+01  -2.252702e+01  -2.250580e+01  -2.248459e+01  -2.246338e+01  -2.244217e+01  -2.242095e+01  -2.239974e+01  -2.237853e+01  -2.232648e+01  -2.227411e+01  -2.222174e+01  -2.216937e+01  -2.211701e+01  -2.203628e+01  -2.195527e+01  -2.187425e+01  -2.179323e+01  -2.171221e+01  -2.162269e+01  -2.153307e+01  -2.144346e+01  -2.135385e+01  -2.126423e+01  -2.126331e+01  -2.126331e+01
  -2.251195e+01  -2.250791e+01  -2.250387e+01  -2.249983e+01  -2.249579e+01  -2.249175e+01  -2.248771e+01  -2.248367e+01  -2.247963e+01  -2.247560e+01  -2.247156e+01  -2.246752e+01  -2.246348e+01  -2.245944e+01  -2.245540e+01  -2.245136e+01  -2.244732e+01  -2.244328e+01  -2.243924e+01  -2.241848e+01  -2.239754e+01  -2.237660e+01  -2.235566e+01  -2.233472e+01  -2.231378e+01  -2.229285e+01  -2.227191e+01  -2.225097e+01  -2.223003e+01  -2.218601e+01  -2.214176e+01  -2.209750e+01  -2.205324e+01  -2.200898e+01  -2.192995e+01  -2.185055e+01  -2.177115e+01  -2.169175e+01  -2.161235e+01  -2.152323e+01  -2.143401e+01  -2.134479e+01  -2.125557e+01  -2.116635e+01  -2.116543e+01  -2.116543e+01
  -2.231898e+01  -2.231674e+01  -2.231450e+01  -2.231227e+01  -2.231003e+01  -2.230779e+01  -2.230555e+01  -2.230332e+01  -2.230108e+01  -2.229884e+01  -2.229660e+01  -2.229437e+01  -2.229213e+01  -2.228989e+01  -2.228765e+01  -2.228542e+01  -2.228318e+01  -2.228094e+01  -2.227870e+01  -2.226073e+01  -2.224260e+01  -2.222447e+01  -2.220633e+01  -2.218820e+01  -2.217006e+01  -2.215193e+01  -2.213379e+01  -2.211566e+01  -2.209752e+01  -2.205358e+01  -2.200937e+01  -2.196516e+01  -2.192095e+01  -2.187674e+01  -2.180818e+01  -2.173937e+01  -2.167055e+01  -2.160174e+01  -2.153293e+01  -2.143996e+01  -2.134675e+01  -2.125353e+01  -2.116031e+01  -2.106709e+01  -2.106613e+01  -2.106613e+01
  -2.218979e+01  -2.218813e+01  -2.218646e+01  -2.218479e+01  -2.218313e+01  -2.218146e+01  -2.217979e+01  -2.217813e+01  -2.217646e+01  -2.217480e+01  -2.217313e+01  -2.217146e+01  -2.216980e+01  -2.216813e+01  -2.216646e+01  -2.216480e+01  -2.216313e+01  -2.216146e+01  -2.215980e+01  -2.214450e+01  -2.212907e+01  -2.211364e+01  -2.209820e+01  -2.208277e+01  -2.206733e+01  -2.205190e+01  -2.203646e+01  -2.202103e+01  -2.200559e+01  -2.196549e+01  -2.192513e+01  -2.188476e+01  -2.184440e+01  -2.180404e+01  -2.173316e+01  -2.166196e+01  -2.159077e+01  -2.151957e+01  -2.144837e+01  -2.136007e+01  -2.127159e+01  -2.118311e+01  -2.109463e+01  -2.100615e+01  -2.100524e+01  -2.100524e+01
  -2.219338e+01  -2.219207e+01  -2.219076e+01  -2.218944e+01  -2.218813e+01  -2.218682e+01  -2.218551e+01  -2.218419e+01  -2.218288e+01  -2.218157e+01  -2.218026e+01  -2.217895e+01  -2.217763e+01  -2.217632e+01  -2.217501e+01  -2.217370e+01  -2.217239e+01  -2.217107e+01  -2.216976e+01  -2.215157e+01  -2.213321e+01  -2.211484e+01  -2.209648e+01  -2.207812e+01  -2.205975e+01  -2.204139e+01  -2.202302e+01  -2.200466e+01  -2.198629e+01  -2.194011e+01  -2.189364e+01  -2.184717e+01  -2.180070e+01  -2.175423e+01  -2.168278e+01  -2.161106e+01  -2.153935e+01  -2.146764e+01  -2.139593e+01  -2.130633e+01  -2.121655e+01  -2.112676e+01  -2.103698e+01  -2.094719e+01  -2.094627e+01  -2.094627e+01
  -2.226733e+01  -2.226619e+01  -2.226505e+01  -2.226391e+01  -2.226277e+01  -2.226162e+01  -2.226048e+01  -2.225934e+01  -2.225820e+01  -2.225706e+01  -2.225592e+01  -2.225477e+01  -2.225363e+01  -2.225249e+01  -2.225135e+01  -2.225021e+01  -2.224907e+01  -2.224792e+01  -2.224678e+01  -2.222395e+01  -2.220090e+01  -2.217785e+01  -2.215480e+01  -2.213174e+01  -2.210869e+01  -2.208564e+01  -2.206259e+01  -2.203953e+01  -2.201648e+01  -2.196411e+01  -2.191143e+01  -2.185874e+01  -2.180606e+01  -2.175338e+01  -2.167878e+01  -2.160394e+01  -2.152911e+01  -2.145428e+01  -2.137945e+01  -2.128736e+01  -2.119509e+01  -2.110282e+01  -2.101055e+01  -2.091828e+01  -2.091733e+01  -2.091733e+01
  -2.235914e+01  -2.235817e+01  -2.235719e+01  -2.235621e+01  -2.235523e+01  -2.235426e+01  -2.235328e+01  -2.235230e+01  -2.235133e+01  -2.235035e+01  -2.234937e+01  -2.234840e+01  -2.234742e+01  -2.234644e+01  -2.234547e+01  -2.234449e+01  -2.234351e+01  -2.234254e+01  -2.234156e+01  -2.231522e+01  -2.228861e+01  -2.226201e+01  -2.223540e+01  -2.220880e+01  -2.218220e+01  -2.215559e+01  -2.212899e+01  -2.210238e+01  -2.207578e+01  -2.201858e+01  -2.196107e+01  -2.190355e+01  -2.184604e+01  -2.178853e+01  -2.170718e+01  -2.162559e+01  -2.154400e+01  -2.146240e+01  -2.138081e+01  -2.128721e+01  -2.119349e+01  -2.109976e+01  -2.100604e+01  -2.091231e+01  -2.091134e+01  -2.091134e+01
  -2.246414e+01  -2.246238e+01  -2.246061e+01  -2.245885e+01  -2.245708e+01  -2.245532e+01  -2.245355e+01  -2.245179e+01  -2.245002e+01  -2.244826e+01  -2.244649e+01  -2.244473e+01  -2.244296e+01  -2.244120e+01  -2.243943e+01  -2.243767e+01  -2.243590e+01  -2.243413e+01  -2.243237e+01  -2.240285e+01  -2.237305e+01  -2.234325e+01  -2.231344e+01  -2.228364e+01  -2.225383e+01  -2.222403e+01  -2.219422e+01  -2.216442e+01  -2.213462e+01  -2.207141e+01  -2.200786e+01  -2.194431e+01  -2.188075e+01  -2.181720e+01  -2.173040e+01  -2.164335e+01  -2.155631e+01  -2.146926e+01  -2.138222e+01  -2.128830e+01  -2.119432e+01  -2.110034e+01  -2.100635e+01  -2.091237e+01  -2.091140e+01  -2.091140e+01
  -2.257481e+01  -2.257209e+01  -2.256937e+01  -2.256665e+01  -2.256393e+01  -2.256121e+01  -2.255849e+01  -2.255577e+01  -2.255305e+01  -2.255033e+01  -2.254761e+01  -2.254489e+01  -2.254217e+01  -2.253945e+01  -2.253673e+01  -2.253401e+01  -2.253129e+01  -2.252856e+01  -2.252584e+01  -2.248951e+01  -2.245282e+01  -2.241613e+01  -2.237944e+01  -2.234275e+01  -2.230607e+01  -2.226938e+01  -2.223269e+01  -2.219600e+01  -2.215931e+01  -2.209137e+01  -2.202311e+01  -2.195484e+01  -2.188658e+01  -2.181832e+01  -2.173020e+01  -2.164187e+01  -2.155355e+01  -2.146522e+01  -2.137690e+01  -2.128159e+01  -2.118620e+01  -2.109081e+01  -2.099543e+01  -2.090004e+01  -2.089906e+01  -2.089906e+01
  -2.266567e+01  -2.266146e+01  -2.265725e+01  -2.265304e+01  -2.264884e+01  -2.264463e+01  -2.264042e+01  -2.263621e+01  -2.263200e+01  -2.262779e+01  -2.262358e+01  -2.261937e+01  -2.261516e+01  -2.261096e+01  -2.260675e+01  -2.260254e+01  -2.259833e+01  -2.259412e+01  -2.258991e+01  -2.254792e+01  -2.250553e+01  -2.246314e+01  -2.242075e+01  -2.237836e+01  -2.233597e+01  -2.229358e+01  -2.225119e+01  -2.220880e+01  -2.216641e+01  -2.209504e+01  -2.202337e+01  -2.195170e+01  -2.188002e+01  -2.180835e+01  -2.171673e+01  -2.162490e+01  -2.153306e+01  -2.144123e+01  -2.134940e+01  -2.125116e+01  -2.115285e+01  -2.105454e+01  -2.095623e+01  -2.085792e+01  -2.085691e+01  -2.085691e+01
  -2.275087e+01  -2.274494e+01  -2.273901e+01  -2.273309e+01  -2.272716e+01  -2.272123e+01  -2.271531e+01  -2.270938e+01  -2.270345e+01  -2.269752e+01  -2.269160e+01  -2.268567e+01  -2.267974e+01  -2.267382e+01  -2.266789e+01  -2.266196e+01  -2.265604e+01  -2.265011e+01  -2.264418e+01  -2.259692e+01  -2.254922e+01  -2.250153e+01  -2.245383e+01  -2.240614e+01  -2.235844e+01  -2.231074e+01  -2.226305e+01  -2.221535e+01  -2.216766e+01  -2.208890e+01  -2.200981e+01  -2.193073e+01  -2.185164e+01  -2.177255e+01  -2.167871e+01  -2.158471e+01  -2.149071e+01  -2.139672e+01  -2.130272e+01  -2.120561e+01  -2.110847e+01  -2.101133e+01  -2.091419e+01  -2.081705e+01  -2.081605e+01  -2.081605e+01
  -2.283383e+01  -2.282603e+01  -2.281824e+01  -2.281045e+01  -2.280265e+01  -2.279486e+01  -2.278706e+01  -2.277927e+01  -2.277147e+01  -2.276368e+01  -2.275589e+01  -2.274809e+01  -2.274030e+01  -2.273250e+01  -2.272471e+01  -2.271691e+01  -2.270912e+01  -2.270132e+01  -2.269353e+01  -2.264093e+01  -2.258787e+01  -2.253480e+01  -2.248174e+01  -2.242867e+01  -2.237561e+01  -2.232254e+01  -2.226948e+01  -2.221641e+01  -2.216335e+01  -2.207872e+01  -2.199376e+01  -2.190880e+01  -2.182384e+01  -2.173888e+01  -2.164613e+01  -2.155329e+01  -2.146046e+01  -2.136763e+01  -2.127480e+01  -2.117633e+01  -2.107781e+01  -2.097929e+01  -2.088076e+01  -2.078224e+01  -2.078122e+01  -2.078122e+01
  -2.290551e+01  -2.289649e+01  -2.288748e+01  -2.287847e+01  -2.286945e+01  -2.286044e+01  -2.285143e+01  -2.284242e+01  -2.283340e+01  -2.282439e+01  -2.281538e+01  -2.280636e+01  -2.279735e+01  -2.278834e+01  -2.277933e+01  -2.277031e+01  -2.276130e+01  -2.275229e+01  -2.274327e+01  -2.268564e+01  -2.262750e+01  -2.256937e+01  -2.251123e+01  -2.245309e+01  -2.239495e+01  -2.233681e+01  -2.227867e+01  -2.222054e+01  -2.216240e+01  -2.207482e+01  -2.198693e+01  -2.189905e+01  -2.181116e+01  -2.172328e+01  -2.162924e+01  -2.153515e+01  -2.144105e+01  -2.134696e+01  -2.125286e+01  -2.115435e+01  -2.105578e+01  -2.095722e+01  -2.085866e+01  -2.076009e+01  -2.075908e+01  -2.075908e+01
  -2.296964e+01  -2.295982e+01  -2.295001e+01  -2.294019e+01  -2.293037e+01  -2.292056e+01  -2.291074e+01  -2.290093e+01  -2.289111e+01  -2.288129e+01  -2.287148e+01  -2.286166e+01  -2.285185e+01  -2.284203e+01  -2.283221e+01  -2.282240e+01  -2.281258e+01  -2.280277e+01  -2.279295e+01  -2.273246e+01  -2.267144e+01  -2.261042e+01  -2.254940e+01  -2.248838e+01  -2.242736e+01  -2.236635e+01  -2.230533e+01  -2.224431e+01  -2.218329e+01  -2.209503e+01  -2.200649e+01  -2.191794e+01  -2.182940e+01  -2.174086e+01  -2.164622e+01  -2.155153e+01  -2.145683e+01  -2.136213e+01  -2.126744e+01  -2.116655e+01  -2.106561e+01  -2.096466e+01  -2.086371e+01  -2.076277e+01  -2.076173e+01  -2.076173e+01
  -2.302000e+01  -2.301086e+01  -2.300173e+01  -2.299259e+01  -2.298346e+01  -2.297432e+01  -2.296519e+01  -2.295605e+01  -2.294692e+01  -2.293778e+01  -2.292865e+01  -2.291951e+01  -2.291038e+01  -2.290124e+01  -2.289211e+01  -2.288297e+01  -2.287384e+01  -2.286470e+01  -2.285556e+01  -2.279533e+01  -2.273457e+01  -2.267381e+01  -2.261304e+01  -2.255228e+01  -2.249151e+01  -2.243075e+01  -2.236999e+01  -2.230922e+01  -2.224846e+01  -2.216060e+01  -2.207245e+01  -2.198431e+01  -2.189616e+01  -2.180802e+01  -2.171089e+01  -2.161366e+01  -2.151644e+01  -2.141921e+01  -2.132199e+01  -2.122222e+01  -2.112242e+01  -2.102262e+01  -2.092282e+01  -2.082302e+01  -2.082199e+01  -2.082199e+01
  -2.307186e+01  -2.306429e+01  -2.305673e+01  -2.304917e+01  -2.304161e+01  -2.303405e+01  -2.302648e+01  -2.301892e+01  -2.301136e+01  -2.300380e+01  -2.299623e+01  -2.298867e+01  -2.298111e+01  -2.297355e+01  -2.296599e+01  -2.295842e+01  -2.295086e+01  -2.294330e+01  -2.293574e+01  -2.288022e+01  -2.282420e+01  -2.276818e+01  -2.271216e+01  -2.265614e+01  -2.260012e+01  -2.254410e+01  -2.248808e+01  -2.243206e+01  -2.237605e+01  -2.229016e+01  -2.220396e+01  -2.211776e+01  -2.203157e+01  -2.194537e+01  -2.184628e+01  -2.174706e+01  -2.164783e+01  -2.154861e+01  -2.144939e+01  -2.135120e+01  -2.125302e+01  -2.115484e+01  -2.105667e+01  -2.095849e+01  -2.095748e+01  -2.095748e+01
  -2.312115e+01  -2.311478e+01  -2.310842e+01  -2.310205e+01  -2.309569e+01  -2.308932e+01  -2.308296e+01  -2.307659e+01  -2.307023e+01  -2.306386e+01  -2.305750e+01  -2.305113e+01  -2.304477e+01  -2.303841e+01  -2.303204e+01  -2.302568e+01  -2.301931e+01  -2.301295e+01  -2.300658e+01  -2.295676e+01  -2.290648e+01  -2.285620e+01  -2.280593e+01  -2.275565e+01  -2.270537e+01  -2.265510e+01  -2.260482e+01  -2.255455e+01  -2.250427e+01  -2.242207e+01  -2.233953e+01  -2.225700e+01  -2.217447e+01  -2.209193e+01  -2.199687e+01  -2.190168e+01  -2.180649e+01  -2.171130e+01  -2.161611e+01  -2.151723e+01  -2.141830e+01  -2.131937e+01  -2.122044e+01  -2.112152e+01  -2.112050e+01  -2.112050e+01
  -2.316885e+01  -2.316293e+01  -2.315702e+01  -2.315110e+01  -2.314518e+01  -2.313926e+01  -2.313335e+01  -2.312743e+01  -2.312151e+01  -2.311560e+01  -2.310968e+01  -2.310376e+01  -2.309784e+01  -2.309193e+01  -2.308601e+01  -2.308009e+01  -2.307418e+01  -2.306826e+01  -2.306234e+01  -2.301729e+01  -2.297183e+01  -2.292637e+01  -2.288090e+01  -2.283544e+01  -2.278998e+01  -2.274452e+01  -2.269906e+01  -2.265360e+01  -2.260814e+01  -2.252545e+01  -2.244237e+01  -2.235928e+01  -2.227620e+01  -2.219312e+01  -2.209933e+01  -2.200543e+01  -2.191153e+01  -2.181763e+01  -2.172373e+01  -2.162619e+01  -2.152861e+01  -2.143103e+01  -2.133345e+01  -2.123587e+01  -2.123487e+01  -2.123487e+01
  -2.320110e+01  -2.319526e+01  -2.318942e+01  -2.318358e+01  -2.317774e+01  -2.317190e+01  -2.316606e+01  -2.316022e+01  -2.315438e+01  -2.314854e+01  -2.314271e+01  -2.313687e+01  -2.313103e+01  -2.312519e+01  -2.311935e+01  -2.311351e+01  -2.310767e+01  -2.310183e+01  -2.309599e+01  -2.305125e+01  -2.300611e+01  -2.296098e+01  -2.291584e+01  -2.287070e+01  -2.282556e+01  -2.278042e+01  -2.273528e+01  -2.269014e+01  -2.264501e+01  -2.256287e+01  -2.248034e+01  -2.239781e+01  -2.231529e+01  -2.223276e+01  -2.214145e+01  -2.205004e+01  -2.195863e+01  -2.186722e+01  -2.177581e+01  -2.167459e+01  -2.157326e+01  -2.147194e+01  -2.137062e+01  -2.126930e+01  -2.126826e+01  -2.126826e+01
  -2.323001e+01  -2.322363e+01  -2.321724e+01  -2.321086e+01  -2.320447e+01  -2.319808e+01  -2.319170e+01  -2.318531e+01  -2.317893e+01  -2.317254e+01  -2.316615e+01  -2.315977e+01  -2.315338e+01  -2.314700e+01  -2.314061e+01  -2.313423e+01  -2.312784e+01  -2.312145e+01  -2.311507e+01  -2.307020e+01  -2.302494e+01  -2.297967e+01  -2.293441e+01  -2.288914e+01  -2.284388e+01  -2.279861e+01  -2.275334e+01  -2.270808e+01  -2.266281e+01  -2.257950e+01  -2.249578e+01  -2.241207e+01  -2.232836e+01  -2.224464e+01  -2.215219e+01  -2.205964e+01  -2.196709e+01  -2.187454e+01  -2.178199e+01  -2.168225e+01  -2.158243e+01  -2.148261e+01  -2.138279e+01  -2.128297e+01  -2.128194e+01  -2.128194e+01
  -2.324904e+01  -2.324263e+01  -2.323622e+01  -2.322981e+01  -2.322340e+01  -2.321699e+01  -2.321058e+01  -2.320417e+01  -2.319776e+01  -2.319135e+01  -2.318494e+01  -2.317853e+01  -2.317212e+01  -2.316571e+01  -2.315930e+01  -2.315289e+01  -2.314648e+01  -2.314007e+01  -2.313366e+01  -2.308874e+01  -2.304341e+01  -2.299809e+01  -2.295276e+01  -2.290744e+01  -2.286211e+01  -2.281679e+01  -2.277146e+01  -2.272614e+01  -2.268081e+01  -2.259545e+01  -2.250966e+01  -2.242388e+01  -2.233810e+01  -2.225231e+01  -2.216210e+01  -2.207185e+01  -2.198159e+01  -2.189134e+01  -2.180108e+01  -2.170061e+01  -2.160003e+01  -2.149945e+01  -2.139888e+01  -2.129830e+01  -2.129726e+01  -2.129726e+01
  -2.326437e+01  -2.325787e+01  -2.325137e+01  -2.324487e+01  -2.323836e+01  -2.323186e+01  -2.322536e+01  -2.321886e+01  -2.321235e+01  -2.320585e+01  -2.319935e+01  -2.319285e+01  -2.318634e+01  -2.317984e+01  -2.317334e+01  -2.316684e+01  -2.316033e+01  -2.315383e+01  -2.314733e+01  -2.310357e+01  -2.305943e+01  -2.301528e+01  -2.297114e+01  -2.292700e+01  -2.288285e+01  -2.283871e+01  -2.279456e+01  -2.275042e+01  -2.270627e+01  -2.262316e+01  -2.253964e+01  -2.245612e+01  -2.237259e+01  -2.228907e+01  -2.219644e+01  -2.210372e+01  -2.201099e+01  -2.191826e+01  -2.182554e+01  -2.172786e+01  -2.163013e+01  -2.153240e+01  -2.143467e+01  -2.133694e+01  -2.133593e+01  -2.133593e+01
  -2.327766e+01  -2.327118e+01  -2.326470e+01  -2.325822e+01  -2.325174e+01  -2.324525e+01  -2.323877e+01  -2.323229e+01  -2.322581e+01  -2.321933e+01  -2.321284e+01  -2.320636e+01  -2.319988e+01  -2.319340e+01  -2.318692e+01  -2.318043e+01  -2.317395e+01  -2.316747e+01  -2.316099e+01  -2.311786e+01  -2.307435e+01  -2.303084e+01  -2.298733e+01  -2.294382e+01  -2.290030e+01  -2.285679e+01  -2.281328e+01  -2.276977e+01  -2.272626e+01  -2.264360e+01  -2.256052e+01  -2.247745e+01  -2.239438e+01  -2.231131e+01  -2.221892e+01  -2.212643e+01  -2.203395e+01  -2.194146e+01  -2.184897e+01  -2.175122e+01  -2.165341e+01  -2.155560e+01  -2.145779e+01  -2.135999e+01  -2.135898e+01  -2.135898e+01
  -2.328426e+01  -2.327817e+01  -2.327208e+01  -2.326599e+01  -2.325990e+01  -2.325381e+01  -2.324772e+01  -2.324163e+01  -2.323554e+01  -2.322945e+01  -2.322336e+01  -2.321727e+01  -2.321118e+01  -2.320509e+01  -2.319900e+01  -2.319291e+01  -2.318682e+01  -2.318073e+01  -2.317464e+01  -2.313094e+01  -2.308685e+01  -2.304275e+01  -2.299866e+01  -2.295457e+01  -2.291047e+01  -2.286638e+01  -2.282228e+01  -2.277819e+01  -2.273409e+01  -2.265147e+01  -2.256843e+01  -2.248540e+01  -2.240237e+01  -2.231934e+01  -2.222710e+01  -2.213477e+01  -2.204243e+01  -2.195009e+01  -2.185775e+01  -2.175901e+01  -2.166019e+01  -2.156138e+01  -2.146256e+01  -2.136375e+01  -2.136273e+01  -2.136273e+01
  -2.329076e+01  -2.328501e+01  -2.327925e+01  -2.327350e+01  -2.326775e+01  -2.326200e+01  -2.325625e+01  -2.325049e+01  -2.324474e+01  -2.323899e+01  -2.323324e+01  -2.322749e+01  -2.322173e+01  -2.321598e+01  -2.321023e+01  -2.320448e+01  -2.319872e+01  -2.319297e+01  -2.318722e+01  -2.314223e+01  -2.309682e+01  -2.305142e+01  -2.300602e+01  -2.296062e+01  -2.291521e+01  -2.286981e+01  -2.282441e+01  -2.277900e+01  -2.273360e+01  -2.265171e+01  -2.256944e+01  -2.248717e+01  -2.240490e+01  -2.232263e+01  -2.223000e+01  -2.213726e+01  -2.204452e+01  -2.195178e+01  -2.185904e+01  -2.175936e+01  -2.165961e+01  -2.155986e+01  -2.146011e+01  -2.136036e+01  -2.135934e+01  -2.135934e+01
  -2.329395e+01  -2.328820e+01  -2.328246e+01  -2.327672e+01  -2.327098e+01  -2.326524e+01  -2.325950e+01  -2.325376e+01  -2.324802e+01  -2.324228e+01  -2.323654e+01  -2.323080e+01  -2.322506e+01  -2.321932e+01  -2.321358e+01  -2.320783e+01  -2.320209e+01  -2.319635e+01  -2.319061e+01  -2.314534e+01  -2.309966e+01  -2.305398e+01  -2.300830e+01  -2.296262e+01  -2.291694e+01  -2.287126e+01  -2.282558e+01  -2.277990e+01  -2.273422e+01  -2.265299e+01  -2.257139e+01  -2.248979e+01  -2.240819e+01  -2.232659e+01  -2.223401e+01  -2.214132e+01  -2.204862e+01  -2.195593e+01  -2.186324e+01  -2.176463e+01  -2.166596e+01  -2.156729e+01  -2.146862e+01  -2.136995e+01  -2.136893e+01  -2.136893e+01
  -2.329611e+01  -2.329041e+01  -2.328471e+01  -2.327901e+01  -2.327331e+01  -2.326761e+01  -2.326191e+01  -2.325621e+01  -2.325051e+01  -2.324481e+01  -2.323911e+01  -2.323341e+01  -2.322771e+01  -2.322201e+01  -2.321631e+01  -2.321061e+01  -2.320491e+01  -2.319921e+01  -2.319351e+01  -2.314844e+01  -2.310295e+01  -2.305746e+01  -2.301198e+01  -2.296649e+01  -2.292100e+01  -2.287552e+01  -2.283003e+01  -2.278455e+01  -2.273906e+01  -2.265875e+01  -2.257809e+01  -2.249742e+01  -2.241675e+01  -2.233609e+01  -2.224229e+01  -2.214836e+01  -2.205443e+01  -2.196049e+01  -2.186656e+01  -2.176959e+01  -2.167259e+01  -2.157560e+01  -2.147860e+01  -2.138160e+01  -2.138060e+01  -2.138060e+01
  -2.329618e+01  -2.329063e+01  -2.328509e+01  -2.327955e+01  -2.327401e+01  -2.326846e+01  -2.326292e+01  -2.325738e+01  -2.325184e+01  -2.324629e+01  -2.324075e+01  -2.323521e+01  -2.322967e+01  -2.322412e+01  -2.321858e+01  -2.321304e+01  -2.320750e+01  -2.320195e+01  -2.319641e+01  -2.315218e+01  -2.310754e+01  -2.306291e+01  -2.301827e+01  -2.297364e+01  -2.292900e+01  -2.288437e+01  -2.283973e+01  -2.279510e+01  -2.275046e+01  -2.267145e+01  -2.259209e+01  -2.251272e+01  -2.243335e+01  -2.235398e+01  -2.226063e+01  -2.216713e+01  -2.207362e+01  -2.198012e+01  -2.188662e+01  -2.178853e+01  -2.169039e+01  -2.159225e+01  -2.149411e+01  -2.139597e+01  -2.139496e+01  -2.139496e+01
  -2.329230e+01  -2.328713e+01  -2.328196e+01  -2.327680e+01  -2.327163e+01  -2.326646e+01  -2.326130e+01  -2.325613e+01  -2.325096e+01  -2.324580e+01  -2.324063e+01  -2.323546e+01  -2.323030e+01  -2.322513e+01  -2.321996e+01  -2.321480e+01  -2.320963e+01  -2.320446e+01  -2.319930e+01  -2.315627e+01  -2.311285e+01  -2.306943e+01  -2.302601e+01  -2.298259e+01  -2.293917e+01  -2.289574e+01  -2.285232e+01  -2.280890e+01  -2.276548e+01  -2.268815e+01  -2.261047e+01  -2.253279e+01  -2.245511e+01  -2.237743e+01  -2.228340e+01  -2.218920e+01  -2.209500e+01  -2.200080e+01  -2.190659e+01  -2.180896e+01  -2.171128e+01  -2.161361e+01  -2.151594e+01  -2.141826e+01  -2.141726e+01  -2.141726e+01
  -2.328849e+01  -2.328369e+01  -2.327890e+01  -2.327410e+01  -2.326931e+01  -2.326452e+01  -2.325972e+01  -2.325493e+01  -2.325013e+01  -2.324534e+01  -2.324054e+01  -2.323575e+01  -2.323095e+01  -2.322616e+01  -2.322137e+01  -2.321657e+01  -2.321178e+01  -2.320698e+01  -2.320219e+01  -2.316110e+01  -2.311964e+01  -2.307817e+01  -2.303671e+01  -2.299524e+01  -2.295378e+01  -2.291231e+01  -2.287085e+01  -2.282938e+01  -2.278792e+01  -2.271133e+01  -2.263437e+01  -2.255741e+01  -2.248045e+01  -2.240349e+01  -2.230818e+01  -2.221267e+01  -2.211716e+01  -2.202165e+01  -2.192615e+01  -2.183088e+01  -2.173561e+01  -2.164034e+01  -2.154508e+01  -2.144981e+01  -2.144883e+01  -2.144883e+01
  -2.328490e+01  -2.328046e+01  -2.327602e+01  -2.327159e+01  -2.326715e+01  -2.326271e+01  -2.325827e+01  -2.325383e+01  -2.324939e+01  -2.324495e+01  -2.324052e+01  -2.323608e+01  -2.323164e+01  -2.322720e+01  -2.322276e+01  -2.321832e+01  -2.321388e+01  -2.320945e+01  -2.320501e+01  -2.316705e+01  -2.312875e+01  -2.309045e+01  -2.305214e+01  -2.301384e+01  -2.297553e+01  -2.293723e+01  -2.289893e+01  -2.286062e+01  -2.282232e+01  -2.274541e+01  -2.266810e+01  -2.259079e+01  -2.251348e+01  -2.243617e+01  -2.234241e+01  -2.224849e+01  -2.215456e+01  -2.206064e+01  -2.196671e+01  -2.187294e+01  -2.177917e+01  -2.168540e+01  -2.159163e+01  -2.149785e+01  -2.149689e+01  -2.149689e+01
  -2.328108e+01  -2.327701e+01  -2.327294e+01  -2.326887e+01  -2.326480e+01  -2.326073e+01  -2.325666e+01  -2.325259e+01  -2.324852e+01  -2.324445e+01  -2.324038e+01  -2.323631e+01  -2.323224e+01  -2.322817e+01  -2.322410e+01  -2.322003e+01  -2.321596e+01  -2.321189e+01  -2.320782e+01  -2.317329e+01  -2.313844e+01  -2.310359e+01  -2.306874e+01  -2.303390e+01  -2.299905e+01  -2.296420e+01  -2.292935e+01  -2.289451e+01  -2.285966e+01  -2.278633e+01  -2.271261e+01  -2.263889e+01  -2.256516e+01  -2.249144e+01  -2.239885e+01  -2.230607e+01  -2.221329e+01  -2.212051e+01  -2.202773e+01  -2.193282e+01  -2.183787e+01  -2.174293e+01  -2.164799e+01  -2.155305e+01  -2.155207e+01  -2.155207e+01
  -2.327276e+01  -2.326930e+01  -2.326585e+01  -2.326240e+01  -2.325895e+01  -2.325550e+01  -2.325204e+01  -2.324859e+01  -2.324514e+01  -2.324169e+01  -2.323824e+01  -2.323478e+01  -2.323133e+01  -2.322788e+01  -2.322443e+01  -2.322098e+01  -2.321753e+01  -2.321407e+01  -2.321062e+01  -2.318057e+01  -2.315024e+01  -2.311991e+01  -2.308959e+01  -2.305926e+01  -2.302893e+01  -2.299860e+01  -2.296827e+01  -2.293795e+01  -2.290762e+01  -2.283737e+01  -2.276672e+01  -2.269606e+01  -2.262540e+01  -2.255474e+01  -2.246888e+01  -2.238287e+01  -2.229685e+01  -2.221084e+01  -2.212483e+01  -2.202524e+01  -2.192552e+01  -2.182580e+01  -2.172607e+01  -2.162635e+01  -2.162532e+01  -2.162532e+01
  -2.326387e+01  -2.326104e+01  -2.325821e+01  -2.325539e+01  -2.325256e+01  -2.324973e+01  -2.324691e+01  -2.324408e+01  -2.324126e+01  -2.323843e+01  -2.323560e+01  -2.323278e+01  -2.322995e+01  -2.322712e+01  -2.322430e+01  -2.322147e+01  -2.321865e+01  -2.321582e+01  -2.321299e+01  -2.318827e+01  -2.316333e+01  -2.313838e+01  -2.311343e+01  -2.308849e+01  -2.306354e+01  -2.303859e+01  -2.301364e+01  -2.298870e+01  -2.296375e+01  -2.289859e+01  -2.283301e+01  -2.276743e+01  -2.270185e+01  -2.263627e+01  -2.255639e+01  -2.247635e+01  -2.239631e+01  -2.231627e+01  -2.223623e+01  -2.213787e+01  -2.203931e+01  -2.194075e+01  -2.184220e+01  -2.174364e+01  -2.174262e+01  -2.174262e+01
  -2.325462e+01  -2.325224e+01  -2.324986e+01  -2.324748e+01  -2.324510e+01  -2.324272e+01  -2.324034e+01  -2.323795e+01  -2.323557e+01  -2.323319e+01  -2.323081e+01  -2.322843e+01  -2.322605e+01  -2.322367e+01  -2.322128e+01  -2.321890e+01  -2.321652e+01  -2.321414e+01  -2.321176e+01  -2.319148e+01  -2.317101e+01  -2.315054e+01  -2.313007e+01  -2.310960e+01  -2.308913e+01  -2.306866e+01  -2.304819e+01  -2.302772e+01  -2.300725e+01  -2.295202e+01  -2.289644e+01  -2.284085e+01  -2.278527e+01  -2.272968e+01  -2.264734e+01  -2.256472e+01  -2.248210e+01  -2.239948e+01  -2.231686e+01  -2.222354e+01  -2.213010e+01  -2.203666e+01  -2.194322e+01  -2.184978e+01  -2.184882e+01  -2.184882e+01
  -2.324536e+01  -2.324342e+01  -2.324147e+01  -2.323953e+01  -2.323759e+01  -2.323564e+01  -2.323370e+01  -2.323176e+01  -2.322981e+01  -2.322787e+01  -2.322593e+01  -2.322399e+01  -2.322204e+01  -2.322010e+01  -2.321816e+01  -2.321621e+01  -2.321427e+01  -2.321233e+01  -2.321038e+01  -2.319299e+01  -2.317543e+01  -2.315787e+01  -2.314031e+01  -2.312275e+01  -2.310520e+01  -2.308764e+01  -2.307008e+01  -2.305252e+01  -2.303496e+01  -2.298416e+01  -2.293302e+01  -2.288187e+01  -2.283072e+01  -2.277957e+01  -2.270522e+01  -2.263061e+01  -2.255601e+01  -2.248141e+01  -2.240681e+01  -2.231258e+01  -2.221815e+01  -2.212371e+01  -2.202928e+01  -2.193484e+01  -2.193387e+01  -2.193387e+01
  -2.323566e+01  -2.323394e+01  -2.323221e+01  -2.323049e+01  -2.322876e+01  -2.322704e+01  -2.322531e+01  -2.322359e+01  -2.322187e+01  -2.322014e+01  -2.321842e+01  -2.321669e+01  -2.321497e+01  -2.321324e+01  -2.321152e+01  -2.320980e+01  -2.320807e+01  -2.320635e+01  -2.320462e+01  -2.318943e+01  -2.317410e+01  -2.315877e+01  -2.314344e+01  -2.312811e+01  -2.311278e+01  -2.309745e+01  -2.308212e+01  -2.306679e+01  -2.305146e+01  -2.300611e+01  -2.296045e+01  -2.291479e+01  -2.286913e+01  -2.282348e+01  -2.275136e+01  -2.267898e+01  -2.260659e+01  -2.253421e+01  -2.246182e+01  -2.237109e+01  -2.228016e+01  -2.218924e+01  -2.209831e+01  -2.200738e+01  -2.200645e+01  -2.200645e+01
  -2.322541e+01  -2.322363e+01  -2.322185e+01  -2.322007e+01  -2.321828e+01  -2.321650e+01  -2.321472e+01  -2.321294e+01  -2.321116e+01  -2.320938e+01  -2.320759e+01  -2.320581e+01  -2.320403e+01  -2.320225e+01  -2.320047e+01  -2.319869e+01  -2.319691e+01  -2.319512e+01  -2.319334e+01  -2.317901e+01  -2.316454e+01  -2.315008e+01  -2.313561e+01  -2.312114e+01  -2.310668e+01  -2.309221e+01  -2.307775e+01  -2.306328e+01  -2.304882e+01  -2.300802e+01  -2.296696e+01  -2.292589e+01  -2.288482e+01  -2.284376e+01  -2.277397e+01  -2.270388e+01  -2.263379e+01  -2.256370e+01  -2.249362e+01  -2.240485e+01  -2.231590e+01  -2.222694e+01  -2.213799e+01  -2.204903e+01  -2.204811e+01  -2.204811e+01
  -2.321516e+01  -2.321332e+01  -2.321148e+01  -2.320964e+01  -2.320781e+01  -2.320597e+01  -2.320413e+01  -2.320229e+01  -2.320045e+01  -2.319861e+01  -2.319677e+01  -2.319493e+01  -2.319310e+01  -2.319126e+01  -2.318942e+01  -2.318758e+01  -2.318574e+01  -2.318390e+01  -2.318206e+01  -2.316857e+01  -2.315495e+01  -2.314133e+01  -2.312772e+01  -2.311410e+01  -2.310048e+01  -2.308686e+01  -2.307325e+01  -2.305963e+01  -2.304601e+01  -2.300527e+01  -2.296425e+01  -2.292323e+01  -2.288221e+01  -2.284119e+01  -2.277299e+01  -2.270451e+01  -2.263604e+01  -2.256756e+01  -2.249908e+01  -2.241191e+01  -2.232455e+01  -2.223719e+01  -2.214983e+01  -2.206246e+01  -2.206156e+01  -2.206156e+01
  -2.319982e+01  -2.319812e+01  -2.319642e+01  -2.319473e+01  -2.319303e+01  -2.319133e+01  -2.318963e+01  -2.318794e+01  -2.318624e+01  -2.318454e+01  -2.318284e+01  -2.318115e+01  -2.317945e+01  -2.317775e+01  -2.317605e+01  -2.317435e+01  -2.317266e+01  -2.317096e+01  -2.316926e+01  -2.315636e+01  -2.314334e+01  -2.313032e+01  -2.311730e+01  -2.310428e+01  -2.309126e+01  -2.307824e+01  -2.306522e+01  -2.305220e+01  -2.303918e+01  -2.300013e+01  -2.296081e+01  -2.292150e+01  -2.288218e+01  -2.284286e+01  -2.277302e+01  -2.270287e+01  -2.263271e+01  -2.256255e+01  -2.249240e+01  -2.240565e+01  -2.231873e+01  -2.223180e+01  -2.214488e+01  -2.205796e+01  -2.205707e+01  -2.205707e+01
  -2.318214e+01  -2.318063e+01  -2.317913e+01  -2.317762e+01  -2.317611e+01  -2.317460e+01  -2.317310e+01  -2.317159e+01  -2.317008e+01  -2.316857e+01  -2.316707e+01  -2.316556e+01  -2.316405e+01  -2.316254e+01  -2.316104e+01  -2.315953e+01  -2.315802e+01  -2.315651e+01  -2.315501e+01  -2.314219e+01  -2.312926e+01  -2.311632e+01  -2.310339e+01  -2.309046e+01  -2.307752e+01  -2.306459e+01  -2.305166e+01  -2.303872e+01  -2.302579e+01  -2.298737e+01  -2.294869e+01  -2.291001e+01  -2.287132e+01  -2.283264e+01  -2.276199e+01  -2.269100e+01  -2.262002e+01  -2.254903e+01  -2.247804e+01  -2.239162e+01  -2.230504e+01  -2.221846e+01  -2.213188e+01  -2.204530e+01  -2.204441e+01  -2.204441e+01
  -2.316446e+01  -2.316315e+01  -2.316183e+01  -2.316051e+01  -2.315920e+01  -2.315788e+01  -2.315656e+01  -2.315525e+01  -2.315393e+01  -2.315261e+01  -2.315130e+01  -2.314998e+01  -2.314866e+01  -2.314735e+01  -2.314603e+01  -2.314471e+01  -2.314340e+01  -2.314208e+01  -2.314076e+01  -2.312761e+01  -2.311434e+01  -2.310107e+01  -2.308780e+01  -2.307453e+01  -2.306126e+01  -2.304799e+01  -2.303472e+01  -2.302145e+01  -2.300818e+01  -2.296978e+01  -2.293111e+01  -2.289244e+01  -2.285377e+01  -2.281510e+01  -2.274429e+01  -2.267315e+01  -2.260200e+01  -2.253085e+01  -2.245971e+01  -2.237317e+01  -2.228647e+01  -2.219977e+01  -2.211307e+01  -2.202637e+01  -2.202548e+01  -2.202548e+01
  -2.314679e+01  -2.314567e+01  -2.314454e+01  -2.314341e+01  -2.314228e+01  -2.314116e+01  -2.314003e+01  -2.313890e+01  -2.313778e+01  -2.313665e+01  -2.313552e+01  -2.313440e+01  -2.313327e+01  -2.313214e+01  -2.313101e+01  -2.312989e+01  -2.312876e+01  -2.312763e+01  -2.312651e+01  -2.311275e+01  -2.309885e+01  -2.308496e+01  -2.307107e+01  -2.305717e+01  -2.304328e+01  -2.302939e+01  -2.301549e+01  -2.300160e+01  -2.298771e+01  -2.294926e+01  -2.291055e+01  -2.287184e+01  -2.283314e+01  -2.279443e+01  -2.272511e+01  -2.265546e+01  -2.258582e+01  -2.251617e+01  -2.244653e+01  -2.236034e+01  -2.227399e+01  -2.218764e+01  -2.210129e+01  -2.201494e+01  -2.201405e+01  -2.201405e+01
  -2.312911e+01  -2.312818e+01  -2.312724e+01  -2.312630e+01  -2.312536e+01  -2.312443e+01  -2.312349e+01  -2.312255e+01  -2.312161e+01  -2.312068e+01  -2.311974e+01  -2.311880e+01  -2.311787e+01  -2.311693e+01  -2.311599e+01  -2.311505e+01  -2.311412e+01  -2.311318e+01  -2.311224e+01  -2.309845e+01  -2.308452e+01  -2.307059e+01  -2.305666e+01  -2.304273e+01  -2.302880e+01  -2.301487e+01  -2.300094e+01  -2.298701e+01  -2.297309e+01  -2.293434e+01  -2.289534e+01  -2.285634e+01  -2.281733e+01  -2.277833e+01  -2.271150e+01  -2.264438e+01  -2.257727e+01  -2.251015e+01  -2.244303e+01  -2.235610e+01  -2.226897e+01  -2.218184e+01  -2.209470e+01  -2.200757e+01  -2.200668e+01  -2.200668e+01
  -2.311093e+01  -2.310998e+01  -2.310902e+01  -2.310807e+01  -2.310711e+01  -2.310616e+01  -2.310520e+01  -2.310425e+01  -2.310329e+01  -2.310234e+01  -2.310138e+01  -2.310043e+01  -2.309947e+01  -2.309852e+01  -2.309756e+01  -2.309661e+01  -2.309565e+01  -2.309470e+01  -2.309374e+01  -2.308048e+01  -2.306708e+01  -2.305368e+01  -2.304029e+01  -2.302689e+01  -2.301349e+01  -2.300010e+01  -2.298670e+01  -2.297330e+01  -2.295991e+01  -2.292370e+01  -2.288726e+01  -2.285082e+01  -2.281437e+01  -2.277793e+01  -2.271094e+01  -2.264364e+01  -2.257633e+01  -2.250903e+01  -2.244172e+01  -2.235582e+01  -2.226973e+01  -2.218364e+01  -2.209755e+01  -2.201146e+01  -2.201058e+01  -2.201058e+01
  -2.309058e+01  -2.308969e+01  -2.308880e+01  -2.308791e+01  -2.308702e+01  -2.308613e+01  -2.308524e+01  -2.308435e+01  -2.308346e+01  -2.308257e+01  -2.308169e+01  -2.308080e+01  -2.307991e+01  -2.307902e+01  -2.307813e+01  -2.307724e+01  -2.307635e+01  -2.307546e+01  -2.307457e+01  -2.306215e+01  -2.304961e+01  -2.303707e+01  -2.302452e+01  -2.301198e+01  -2.299944e+01  -2.298690e+01  -2.297436e+01  -2.296182e+01  -2.294927e+01  -2.291477e+01  -2.288004e+01  -2.284530e+01  -2.281057e+01  -2.277584e+01  -2.271107e+01  -2.264598e+01  -2.258090e+01  -2.251582e+01  -2.245074e+01  -2.236461e+01  -2.227826e+01  -2.219192e+01  -2.210557e+01  -2.201923e+01  -2.201834e+01  -2.201834e+01
  -2.307012e+01  -2.306930e+01  -2.306848e+01  -2.306767e+01  -2.306685e+01  -2.306603e+01  -2.306521e+01  -2.306440e+01  -2.306358e+01  -2.306276e+01  -2.306194e+01  -2.306112e+01  -2.306031e+01  -2.305949e+01  -2.305867e+01  -2.305785e+01  -2.305704e+01  -2.305622e+01  -2.305540e+01  -2.304513e+01  -2.303477e+01  -2.302440e+01  -2.301403e+01  -2.300367e+01  -2.299330e+01  -2.298294e+01  -2.297257e+01  -2.296220e+01  -2.295184e+01  -2.291884e+01  -2.288560e+01  -2.285236e+01  -2.281912e+01  -2.278589e+01  -2.272473e+01  -2.266329e+01  -2.260185e+01  -2.254041e+01  -2.247896e+01  -2.239448e+01  -2.230975e+01  -2.222502e+01  -2.214030e+01  -2.205557e+01  -2.205470e+01  -2.205470e+01
  -2.304967e+01  -2.304892e+01  -2.304817e+01  -2.304743e+01  -2.304668e+01  -2.304593e+01  -2.304519e+01  -2.304444e+01  -2.304369e+01  -2.304295e+01  -2.304220e+01  -2.304146e+01  -2.304071e+01  -2.303996e+01  -2.303922e+01  -2.303847e+01  -2.303772e+01  -2.303698e+01  -2.303623e+01  -2.302759e+01  -2.301888e+01  -2.301016e+01  -2.300144e+01  -2.299272e+01  -2.298400e+01  -2.297529e+01  -2.296657e+01  -2.295785e+01  -2.294913e+01  -2.292135e+01  -2.289338e+01  -2.286540e+01  -2.283742e+01  -2.280944e+01  -2.275139e+01  -2.269302e+01  -2.263465e+01  -2.257628e+01  -2.251791e+01  -2.243752e+01  -2.235690e+01  -2.227628e+01  -2.219566e+01  -2.211504e+01  -2.211421e+01  -2.211421e+01
  -2.302921e+01  -2.302853e+01  -2.302786e+01  -2.302718e+01  -2.302651e+01  -2.302583e+01  -2.302516e+01  -2.302448e+01  -2.302381e+01  -2.302313e+01  -2.302246e+01  -2.302178e+01  -2.302111e+01  -2.302043e+01  -2.301976e+01  -2.301908e+01  -2.301841e+01  -2.301773e+01  -2.301706e+01  -2.301074e+01  -2.300437e+01  -2.299799e+01  -2.299161e+01  -2.298524e+01  -2.297886e+01  -2.297249e+01  -2.296611e+01  -2.295973e+01  -2.295336e+01  -2.292976e+01  -2.290599e+01  -2.288221e+01  -2.285843e+01  -2.283466e+01  -2.278399e+01  -2.273303e+01  -2.268208e+01  -2.263113e+01  -2.258017e+01  -2.250334e+01  -2.242624e+01  -2.234914e+01  -2.227205e+01  -2.219495e+01  -2.219415e+01  -2.219415e+01
  -2.300875e+01  -2.300815e+01  -2.300755e+01  -2.300694e+01  -2.300634e+01  -2.300573e+01  -2.300513e+01  -2.300453e+01  -2.300392e+01  -2.300332e+01  -2.300272e+01  -2.300211e+01  -2.300151e+01  -2.300090e+01  -2.300030e+01  -2.299970e+01  -2.299909e+01  -2.299849e+01  -2.299788e+01  -2.299343e+01  -2.298893e+01  -2.298443e+01  -2.297993e+01  -2.297543e+01  -2.297093e+01  -2.296643e+01  -2.296193e+01  -2.295743e+01  -2.295293e+01  -2.293375e+01  -2.291441e+01  -2.289507e+01  -2.287573e+01  -2.285639e+01  -2.281242e+01  -2.276820e+01  -2.272398e+01  -2.267976e+01  -2.263554e+01  -2.256265e+01  -2.248947e+01  -2.241628e+01  -2.234310e+01  -2.226991e+01  -2.226916e+01  -2.226916e+01
  -2.298829e+01  -2.298776e+01  -2.298723e+01  -2.298669e+01  -2.298616e+01  -2.298563e+01  -2.298509e+01  -2.298456e+01  -2.298403e+01  -2.298350e+01  -2.298296e+01  -2.298243e+01  -2.298190e+01  -2.298136e+01  -2.298083e+01  -2.298030e+01  -2.297976e+01  -2.297923e+01  -2.297870e+01  -2.297529e+01  -2.297185e+01  -2.296841e+01  -2.296497e+01  -2.296153e+01  -2.295809e+01  -2.295465e+01  -2.295120e+01  -2.294776e+01  -2.294432e+01  -2.292991e+01  -2.291538e+01  -2.290085e+01  -2.288632e+01  -2.287179e+01  -2.283389e+01  -2.279575e+01  -2.275762e+01  -2.271948e+01  -2.268134e+01  -2.261535e+01  -2.254908e+01  -2.248280e+01  -2.241653e+01  -2.235025e+01  -2.234957e+01  -2.234957e+01
  -2.296769e+01  -2.296715e+01  -2.296662e+01  -2.296608e+01  -2.296554e+01  -2.296500e+01  -2.296447e+01  -2.296393e+01  -2.296339e+01  -2.296286e+01  -2.296232e+01  -2.296178e+01  -2.296125e+01  -2.296071e+01  -2.296017e+01  -2.295964e+01  -2.295910e+01  -2.295856e+01  -2.295802e+01  -2.295465e+01  -2.295125e+01  -2.294785e+01  -2.294445e+01  -2.294106e+01  -2.293766e+01  -2.293426e+01  -2.293086e+01  -2.292746e+01  -2.292406e+01  -2.291411e+01  -2.290410e+01  -2.289408e+01  -2.288407e+01  -2.287405e+01  -2.284086e+01  -2.280742e+01  -2.277399e+01  -2.274055e+01  -2.270712e+01  -2.264645e+01  -2.258551e+01  -2.252456e+01  -2.246361e+01  -2.240267e+01  -2.240204e+01  -2.240204e+01
  -2.294707e+01  -2.294653e+01  -2.294598e+01  -2.294544e+01  -2.294489e+01  -2.294435e+01  -2.294380e+01  -2.294326e+01  -2.294271e+01  -2.294217e+01  -2.294162e+01  -2.294108e+01  -2.294053e+01  -2.293999e+01  -2.293944e+01  -2.293890e+01  -2.293835e+01  -2.293781e+01  -2.293727e+01  -2.293389e+01  -2.293048e+01  -2.292707e+01  -2.292367e+01  -2.292026e+01  -2.291685e+01  -2.291344e+01  -2.291004e+01  -2.290663e+01  -2.290322e+01  -2.289680e+01  -2.289035e+01  -2.288390e+01  -2.287745e+01  -2.287100e+01  -2.284237e+01  -2.281352e+01  -2.278466e+01  -2.275580e+01  -2.272694e+01  -2.267170e+01  -2.261619e+01  -2.256068e+01  -2.250516e+01  -2.244965e+01  -2.244908e+01  -2.244908e+01
  -2.292646e+01  -2.292591e+01  -2.292535e+01  -2.292480e+01  -2.292425e+01  -2.292370e+01  -2.292314e+01  -2.292259e+01  -2.292204e+01  -2.292149e+01  -2.292093e+01  -2.292038e+01  -2.291983e+01  -2.291928e+01  -2.291872e+01  -2.291817e+01  -2.291762e+01  -2.291707e+01  -2.291651e+01  -2.291313e+01  -2.290971e+01  -2.290629e+01  -2.290288e+01  -2.289946e+01  -2.289604e+01  -2.289263e+01  -2.288921e+01  -2.288580e+01  -2.288238e+01  -2.287798e+01  -2.287357e+01  -2.286916e+01  -2.286475e+01  -2.286034e+01  -2.283547e+01  -2.281039e+01  -2.278530e+01  -2.276022e+01  -2.273513e+01  -2.268554e+01  -2.263569e+01  -2.258584e+01  -2.253599e+01  -2.248614e+01  -2.248563e+01  -2.248563e+01
  -2.290584e+01  -2.290528e+01  -2.290472e+01  -2.290416e+01  -2.290360e+01  -2.290304e+01  -2.290248e+01  -2.290192e+01  -2.290136e+01  -2.290080e+01  -2.290024e+01  -2.289968e+01  -2.289912e+01  -2.289856e+01  -2.289800e+01  -2.289744e+01  -2.289688e+01  -2.289632e+01  -2.289576e+01  -2.289236e+01  -2.288894e+01  -2.288551e+01  -2.288209e+01  -2.287867e+01  -2.287524e+01  -2.287182e+01  -2.286839e+01  -2.286497e+01  -2.286155e+01  -2.285740e+01  -2.285324e+01  -2.284908e+01  -2.284493e+01  -2.284077e+01  -2.282003e+01  -2.279912e+01  -2.277821e+01  -2.275729e+01  -2.273638e+01  -2.269004e+01  -2.264343e+01  -2.259683e+01  -2.255022e+01  -2.250361e+01  -2.250313e+01  -2.250313e+01
  -2.288523e+01  -2.288466e+01  -2.288409e+01  -2.288352e+01  -2.288296e+01  -2.288239e+01  -2.288182e+01  -2.288125e+01  -2.288068e+01  -2.288011e+01  -2.287955e+01  -2.287898e+01  -2.287841e+01  -2.287784e+01  -2.287727e+01  -2.287671e+01  -2.287614e+01  -2.287557e+01  -2.287500e+01  -2.287160e+01  -2.286817e+01  -2.286473e+01  -2.286130e+01  -2.285787e+01  -2.285443e+01  -2.285100e+01  -2.284757e+01  -2.284414e+01  -2.284070e+01  -2.283681e+01  -2.283291e+01  -2.282900e+01  -2.282510e+01  -2.282120e+01  -2.280351e+01  -2.278567e+01  -2.276783e+01  -2.274999e+01  -2.273216e+01  -2.268728e+01  -2.264212e+01  -2.259696e+01  -2.255180e+01  -2.250664e+01  -2.250618e+01  -2.250618e+01
  -2.286461e+01  -2.286404e+01  -2.286346e+01  -2.286289e+01  -2.286231e+01  -2.286173e+01  -2.286116e+01  -2.286058e+01  -2.286001e+01  -2.285943e+01  -2.285885e+01  -2.285828e+01  -2.285770e+01  -2.285713e+01  -2.285655e+01  -2.285597e+01  -2.285540e+01  -2.285482e+01  -2.285425e+01  -2.285084e+01  -2.284739e+01  -2.284395e+01  -2.284051e+01  -2.283707e+01  -2.283363e+01  -2.283019e+01  -2.282675e+01  -2.282331e+01  -2.281987e+01  -2.281622e+01  -2.281257e+01  -2.280893e+01  -2.280528e+01  -2.280163e+01  -2.278645e+01  -2.277114e+01  -2.275584e+01  -2.274053e+01  -2.272523e+01  -2.268186e+01  -2.263820e+01  -2.259453e+01  -2.255087e+01  -2.250721e+01  -2.250676e+01  -2.250676e+01
  -2.284400e+01  -2.284342e+01  -2.284283e+01  -2.284225e+01  -2.284167e+01  -2.284108e+01  -2.284050e+01  -2.283991e+01  -2.283933e+01  -2.283875e+01  -2.283816e+01  -2.283758e+01  -2.283699e+01  -2.283641e+01  -2.283583e+01  -2.283524e+01  -2.283466e+01  -2.283407e+01  -2.283349e+01  -2.283007e+01  -2.282662e+01  -2.282317e+01  -2.281972e+01  -2.281627e+01  -2.281282e+01  -2.280937e+01  -2.280593e+01  -2.280248e+01  -2.279903e+01  -2.279563e+01  -2.279224e+01  -2.278884e+01  -2.278545e+01  -2.278206e+01  -2.276711e+01  -2.275205e+01  -2.273698e+01  -2.272192e+01  -2.270685e+01  -2.266666e+01  -2.262621e+01  -2.258575e+01  -2.254530e+01  -2.250485e+01  -2.250443e+01  -2.250443e+01
  -2.282339e+01  -2.282279e+01  -2.282220e+01  -2.282161e+01  -2.282102e+01  -2.282043e+01  -2.281983e+01  -2.281924e+01  -2.281865e+01  -2.281806e+01  -2.281747e+01  -2.281687e+01  -2.281628e+01  -2.281569e+01  -2.281510e+01  -2.281451e+01  -2.281391e+01  -2.281332e+01  -2.281273e+01  -2.280930e+01  -2.280585e+01  -2.280239e+01  -2.279893e+01  -2.279548e+01  -2.279202e+01  -2.278856e+01  -2.278511e+01  -2.278165e+01  -2.277819e+01  -2.277505e+01  -2.277191e+01  -2.276877e+01  -2.276563e+01  -2.276249e+01  -2.274784e+01  -2.273307e+01  -2.271829e+01  -2.270352e+01  -2.268875e+01  -2.265089e+01  -2.261278e+01  -2.257468e+01  -2.253657e+01  -2.249846e+01  -2.249807e+01  -2.249807e+01
  -2.280277e+01  -2.280217e+01  -2.280157e+01  -2.280097e+01  -2.280038e+01  -2.279978e+01  -2.279918e+01  -2.279858e+01  -2.279798e+01  -2.279738e+01  -2.279678e+01  -2.279618e+01  -2.279558e+01  -2.279498e+01  -2.279438e+01  -2.279378e+01  -2.279318e+01  -2.279258e+01  -2.279198e+01  -2.278854e+01  -2.278508e+01  -2.278161e+01  -2.277814e+01  -2.277468e+01  -2.277121e+01  -2.276775e+01  -2.276428e+01  -2.276082e+01  -2.275735e+01  -2.275446e+01  -2.275157e+01  -2.274869e+01  -2.274580e+01  -2.274292e+01  -2.272881e+01  -2.271458e+01  -2.270035e+01  -2.268612e+01  -2.267190e+01  -2.263606e+01  -2.260000e+01  -2.256394e+01  -2.252788e+01  -2.249182e+01  -2.249144e+01  -2.249144e+01
  -2.278215e+01  -2.278155e+01  -2.278094e+01  -2.278033e+01  -2.277972e+01  -2.277912e+01  -2.277851e+01  -2.277790e+01  -2.277729e+01  -2.277669e+01  -2.277608e+01  -2.277547e+01  -2.277486e+01  -2.277426e+01  -2.277365e+01  -2.277304e+01  -2.277243e+01  -2.277183e+01  -2.277122e+01  -2.276777e+01  -2.276430e+01  -2.276083e+01  -2.275735e+01  -2.275388e+01  -2.275040e+01  -2.274693e+01  -2.274346e+01  -2.273998e+01  -2.273651e+01  -2.273387e+01  -2.273124e+01  -2.272860e+01  -2.272597e+01  -2.272334e+01  -2.270992e+01  -2.269639e+01  -2.268286e+01  -2.266933e+01  -2.265580e+01  -2.262141e+01  -2.258680e+01  -2.255219e+01  -2.251759e+01  -2.248298e+01  -2.248262e+01  -2.248262e+01
  -2.276154e+01  -2.276093e+01  -2.276031e+01  -2.275970e+01  -2.275908e+01  -2.275847e+01  -2.275785e+01  -2.275724e+01  -2.275662e+01  -2.275601e+01  -2.275539e+01  -2.275477e+01  -2.275416e+01  -2.275354e+01  -2.275293e+01  -2.275231e+01  -2.275170e+01  -2.275108e+01  -2.275047e+01  -2.274701e+01  -2.274353e+01  -2.274005e+01  -2.273657e+01  -2.273309e+01  -2.272960e+01  -2.272612e+01  -2.272264e+01  -2.271916e+01  -2.271567e+01  -2.271328e+01  -2.271091e+01  -2.270853e+01  -2.270615e+01  -2.270377e+01  -2.269117e+01  -2.267847e+01  -2.266576e+01  -2.265305e+01  -2.264035e+01  -2.260724e+01  -2.257393e+01  -2.254061e+01  -2.250730e+01  -2.247398e+01  -2.247364e+01  -2.247364e+01
  -2.274090e+01  -2.274028e+01  -2.273965e+01  -2.273903e+01  -2.273841e+01  -2.273779e+01  -2.273717e+01  -2.273655e+01  -2.273593e+01  -2.273530e+01  -2.273468e+01  -2.273406e+01  -2.273344e+01  -2.273282e+01  -2.273220e+01  -2.273157e+01  -2.273095e+01  -2.273033e+01  -2.272971e+01  -2.272625e+01  -2.272276e+01  -2.271927e+01  -2.271578e+01  -2.271228e+01  -2.270879e+01  -2.270530e+01  -2.270181e+01  -2.269832e+01  -2.269483e+01  -2.269269e+01  -2.269057e+01  -2.268845e+01  -2.268633e+01  -2.268420e+01  -2.267316e+01  -2.266203e+01  -2.265089e+01  -2.263976e+01  -2.262862e+01  -2.259530e+01  -2.256175e+01  -2.252819e+01  -2.249464e+01  -2.246108e+01  -2.246074e+01  -2.246074e+01
  -2.272006e+01  -2.271945e+01  -2.271883e+01  -2.271821e+01  -2.271760e+01  -2.271698e+01  -2.271636e+01  -2.271574e+01  -2.271513e+01  -2.271451e+01  -2.271389e+01  -2.271328e+01  -2.271266e+01  -2.271204e+01  -2.271142e+01  -2.271081e+01  -2.271019e+01  -2.270957e+01  -2.270896e+01  -2.270549e+01  -2.270199e+01  -2.269849e+01  -2.269499e+01  -2.269149e+01  -2.268799e+01  -2.268449e+01  -2.268100e+01  -2.267750e+01  -2.267400e+01  -2.267211e+01  -2.267024e+01  -2.266837e+01  -2.266650e+01  -2.266463e+01  -2.265361e+01  -2.264250e+01  -2.263139e+01  -2.262027e+01  -2.260916e+01  -2.257701e+01  -2.254465e+01  -2.251229e+01  -2.247993e+01  -2.244757e+01  -2.244723e+01  -2.244723e+01
  -2.269923e+01  -2.269862e+01  -2.269801e+01  -2.269739e+01  -2.269678e+01  -2.269617e+01  -2.269556e+01  -2.269494e+01  -2.269433e+01  -2.269372e+01  -2.269310e+01  -2.269249e+01  -2.269188e+01  -2.269126e+01  -2.269065e+01  -2.269004e+01  -2.268943e+01  -2.268881e+01  -2.268820e+01  -2.268472e+01  -2.268121e+01  -2.267771e+01  -2.267420e+01  -2.267069e+01  -2.266718e+01  -2.266368e+01  -2.266017e+01  -2.265666e+01  -2.265315e+01  -2.265152e+01  -2.264991e+01  -2.264829e+01  -2.264668e+01  -2.264506e+01  -2.263459e+01  -2.262402e+01  -2.261345e+01  -2.260288e+01  -2.259231e+01  -2.256115e+01  -2.252977e+01  -2.249839e+01  -2.246701e+01  -2.243563e+01  -2.243531e+01  -2.243531e+01
  -2.267840e+01  -2.267779e+01  -2.267719e+01  -2.267658e+01  -2.267597e+01  -2.267536e+01  -2.267475e+01  -2.267414e+01  -2.267353e+01  -2.267292e+01  -2.267231e+01  -2.267171e+01  -2.267110e+01  -2.267049e+01  -2.266988e+01  -2.266927e+01  -2.266866e+01  -2.266805e+01  -2.266744e+01  -2.266396e+01  -2.266044e+01  -2.265693e+01  -2.265341e+01  -2.264990e+01  -2.264638e+01  -2.264287e+01  -2.263935e+01  -2.263584e+01  -2.263232e+01  -2.263094e+01  -2.262958e+01  -2.262821e+01  -2.262685e+01  -2.262549e+01  -2.261613e+01  -2.260669e+01  -2.259725e+01  -2.258781e+01  -2.257836e+01  -2.254815e+01  -2.251771e+01  -2.248728e+01  -2.245684e+01  -2.242641e+01  -2.242610e+01  -2.242610e+01
