# New G.A.S. format
# In this file, each line of the header is starting by #
#    data are saved after the keyword START
# Cascade formation timescale
# Cascade equilibrium timescale
# Cascade emptying timescale
# 
# This data file is build as follow:
# a b
# l_star, sig_star, mu_star
# nAccRateBins nDiscScaleBins
# dlogAccRate dlogDiscScale
# List of Accretion rates (in log) [Msun/yr]  : AccRateBins
# List of disc scale (in log) [kpc] : DiscScaleBins
# A blank line starting with # 
# And for each following data line (i: nAccRateBins index): log(t)(i,1:nDiscScaleBins) formation timescale in Gyr
# A blank line starting with # 
# And for each following data line (i: nAccRateBins index): log(t)(i,1:nDiscScaleBins) equilibrium timescale in Gyr
# A blank line starting with # 
# And for each following data line (i: nAccRateBins index): log(t)(i,1:nDiscScaleBins) emptying timescale in Gyr
START
0.2  0.6
0.1  0.3  150.0
36  26
0.200  0.100
-2.000  -1.800  -1.600  -1.400  -1.200  -1.000  -0.800  -0.600  -0.400  -0.200  0.000  0.200  0.400  0.600  0.800  1.000  1.200  1.400  1.600  1.800  2.000  2.200  2.400  2.600  2.800  3.000  3.200  3.400  3.600  3.800  4.000  4.200  4.400  4.600  4.800  5.000
-2.000  -1.900  -1.800  -1.700  -1.600  -1.500  -1.400  -1.300  -1.200  -1.100  -1.000  -0.900  -0.800  -0.700  -0.600  -0.500  -0.400  -0.300  -0.200  -0.100  0.000  0.100  0.200  0.300  0.400  0.500
#
  -1.620008e+00  -1.487224e+00  -1.311877e+00  -1.129539e+00  -9.358565e-01  -7.282413e-01  -5.177438e-01  -3.038780e-01  -8.679835e-02   1.309704e-01   3.496701e-01   5.690035e-01   7.885838e-01   1.008274e+00   1.176091e+00   1.176091e+00   1.176091e+00   1.176091e+00   1.176091e+00   1.176091e+00   1.176091e+00   1.176091e+00   1.176091e+00   1.176091e+00   1.176091e+00   1.176091e+00
  -1.699587e+00  -1.588938e+00  -1.452676e+00  -1.287268e+00  -1.105595e+00  -9.117583e-01  -7.067627e-01  -4.968471e-01  -2.828354e-01  -6.657311e-02   1.512985e-01   3.698289e-01   5.890976e-01   8.085711e-01   1.028305e+00   1.176091e+00   1.176091e+00   1.176091e+00   1.176091e+00   1.176091e+00   1.176091e+00   1.176091e+00   1.176091e+00   1.176091e+00   1.176091e+00   1.176091e+00
  -1.770154e+00  -1.666856e+00  -1.548775e+00  -1.423698e+00  -1.261259e+00  -1.079200e+00  -8.887853e-01  -6.856056e-01  -4.750949e-01  -2.622935e-01  -4.611129e-02   1.716093e-01   3.900249e-01   6.090622e-01   8.287014e-01   1.048341e+00   1.176091e+00   1.176091e+00   1.176091e+00   1.176091e+00   1.176091e+00   1.176091e+00   1.176091e+00   1.176091e+00   1.176091e+00   1.176091e+00
  -1.837684e+00  -1.736546e+00  -1.623366e+00  -1.517176e+00  -1.393072e+00  -1.232623e+00  -1.055305e+00  -8.661910e-01  -6.628815e-01  -4.540174e-01  -2.417644e-01  -2.558066e-02   1.918001e-01   4.101321e-01   6.293326e-01   8.486765e-01   1.068358e+00   1.176091e+00   1.176091e+00   1.176091e+00   1.176091e+00   1.176091e+00   1.176091e+00   1.176091e+00   1.176091e+00   1.176091e+00
  -1.904315e+00  -1.804369e+00  -1.692072e+00  -1.590960e+00  -1.484777e+00  -1.357930e+00  -1.206607e+00  -1.031589e+00  -8.415247e-01  -6.414051e-01  -4.332010e-01  -2.206654e-01  -5.243486e-03   2.119778e-01   4.304119e-01   6.492634e-01   8.687999e-01   1.088380e+00   1.176091e+00   1.176091e+00   1.176091e+00   1.176091e+00   1.176091e+00   1.176091e+00   1.176091e+00   1.176091e+00
  -1.961825e+00  -1.871254e+00  -1.758256e+00  -1.658205e+00  -1.556347e+00  -1.446601e+00  -1.328495e+00  -1.182002e+00  -1.004201e+00  -8.185506e-01  -6.200972e-01  -4.114627e-01  -1.999242e-01   1.508892e-02   2.323380e-01   4.505363e-01   6.694819e-01   8.888518e-01   1.108429e+00   1.176091e+00   1.176091e+00   1.176091e+00   1.176091e+00   1.176091e+00   1.176091e+00   1.176091e+00
  -2.014393e+00  -1.927247e+00  -1.822047e+00  -1.725100e+00  -1.625079e+00  -1.515736e+00  -1.415263e+00  -1.298476e+00  -1.152558e+00  -9.802106e-01  -7.955502e-01  -5.975796e-01  -3.902270e-01  -1.790652e-01   3.568788e-02   2.526990e-01   4.706647e-01   6.895871e-01   9.089333e-01   1.128427e+00   1.176091e+00   1.176091e+00   1.176091e+00   1.176091e+00   1.176091e+00   1.176091e+00
  -2.063723e+00  -1.979592e+00  -1.875355e+00  -1.787750e+00  -1.691342e+00  -1.582969e+00  -1.483819e+00  -1.383053e+00  -1.263162e+00  -1.126854e+00  -9.557678e-01  -7.706186e-01  -5.759829e-01  -3.691419e-01  -1.579734e-01   5.605180e-02   2.729617e-01   4.909449e-01   7.096944e-01   9.289560e-01   1.148499e+00   1.176091e+00   1.176091e+00   1.176091e+00   1.176091e+00   1.176091e+00
  -2.109890e+00  -2.028482e+00  -1.925590e+00  -1.840815e+00  -1.753412e+00  -1.647389e+00  -1.549277e+00  -1.450675e+00  -1.344329e+00  -1.232460e+00  -1.101656e+00  -9.289187e-01  -7.470149e-01  -5.543816e-01  -3.473989e-01  -1.369991e-01   7.645311e-02   2.933904e-01   5.111814e-01   7.297802e-01   9.490055e-01   1.168617e+00   1.176091e+00   1.176091e+00   1.176091e+00   1.176091e+00
  -2.153043e+00  -2.074077e+00  -1.972421e+00  -1.890614e+00  -1.805786e+00  -1.707892e+00  -1.613466e+00  -1.514688e+00  -1.410421e+00  -1.311120e+00  -1.201386e+00  -1.070540e+00  -9.035960e-01  -7.235471e-01  -5.310845e-01  -3.260037e-01  -1.161765e-01   9.720599e-02   3.137094e-01   5.314151e-01   7.499106e-01   9.691675e-01   1.176091e+00   1.176091e+00   1.176091e+00   1.176091e+00
  -2.193716e+00  -2.117145e+00  -2.015594e+00  -1.936843e+00  -1.855389e+00  -1.757826e+00  -1.672894e+00  -1.580226e+00  -1.474862e+00  -1.378040e+00  -1.278233e+00  -1.166801e+00  -1.041331e+00  -8.784529e-01  -6.987858e-01  -5.083339e-01  -3.046186e-01  -9.493187e-02   1.178723e-01   3.340717e-01   5.516398e-01   7.700596e-01   9.891738e-01   1.176091e+00   1.176091e+00   1.176091e+00
  -2.232717e+00  -2.157545e+00  -2.056645e+00  -1.979595e+00  -1.901247e+00  -1.805653e+00  -1.723041e+00  -1.637937e+00  -1.538510e+00  -1.441742e+00  -1.344939e+00  -1.241027e+00  -1.135359e+00  -1.011806e+00  -8.517527e-01  -6.746539e-01  -4.856977e-01  -2.827855e-01  -7.385619e-02   1.385286e-01   3.544650e-01   5.718653e-01   7.902437e-01   1.009279e+00   1.176091e+00   1.176091e+00
  -2.269705e+00  -2.196502e+00  -2.094978e+00  -2.020507e+00  -1.944132e+00  -1.849943e+00  -1.770061e+00  -1.687676e+00  -1.594219e+00  -1.504903e+00  -1.408519e+00  -1.306893e+00  -1.207455e+00  -1.103925e+00  -9.797548e-01  -8.258896e-01  -6.504987e-01  -4.621390e-01  -2.612083e-01  -5.280381e-02   1.593037e-01   3.747931e-01   5.921669e-01   8.103753e-01   1.029364e+00   1.176091e+00
  -2.305860e+00  -2.233377e+00  -2.131553e+00  -2.058525e+00  -1.984315e+00  -1.891099e+00  -1.814178e+00  -1.734815e+00  -1.642840e+00  -1.558743e+00  -1.471094e+00  -1.369563e+00  -1.272720e+00  -1.173807e+00  -1.069194e+00  -9.495728e-01  -7.999291e-01  -6.253739e-01  -4.389976e-01  -2.395658e-01  -3.159924e-02   1.801074e-01   3.952235e-01   6.124156e-01   8.305715e-01   1.049467e+00
  -2.340881e+00  -2.269551e+00  -2.166385e+00  -2.095010e+00  -2.022534e+00  -1.929648e+00  -1.854853e+00  -1.778364e+00  -1.688171e+00  -1.607137e+00  -1.523378e+00  -1.430541e+00  -1.335652e+00  -1.238725e+00  -1.136796e+00  -1.036627e+00  -9.195867e-01  -7.730696e-01  -6.008161e-01  -4.157464e-01  -2.176615e-01  -1.040081e-02   2.008640e-01   4.156393e-01   6.326731e-01   8.507339e-01
  -2.374933e+00  -2.304378e+00  -2.200107e+00  -2.129799e+00  -2.058571e+00  -1.966126e+00  -1.893286e+00  -1.819016e+00  -1.730457e+00  -1.652554e+00  -1.571908e+00  -1.481715e+00  -1.395985e+00  -1.302144e+00  -1.201635e+00  -1.103629e+00  -1.004185e+00  -8.873273e-01  -7.473062e-01  -5.760478e-01  -3.920129e-01  -1.960266e-01   1.070241e-02   2.217777e-01   4.359961e-01   6.529742e-01
  -2.407866e+00  -2.338385e+00  -2.232470e+00  -2.163462e+00  -2.093418e+00  -2.000680e+00  -1.929604e+00  -1.857046e+00  -1.769804e+00  -1.694463e+00  -1.616991e+00  -1.529006e+00  -1.446403e+00  -1.361854e+00  -1.263892e+00  -1.167743e+00  -1.070560e+00  -9.693185e-01  -8.564525e-01  -7.214007e-01  -5.506814e-01  -3.684165e-01  -1.744796e-01   3.217296e-02   2.426004e-01   4.564134e-01
  -2.439979e+00  -2.371234e+00  -2.264213e+00  -2.195789e+00  -2.126654e+00  -2.033962e+00  -1.964108e+00  -1.893214e+00  -1.806555e+00  -1.733475e+00  -1.658588e+00  -1.572973e+00  -1.493660e+00  -1.411638e+00  -1.322864e+00  -1.229859e+00  -1.133974e+00  -1.035085e+00  -9.360268e-01  -8.252759e-01  -6.946808e-01  -5.255831e-01  -3.449262e-01  -1.523948e-01   5.351533e-02   2.634748e-01
  -2.471437e+00  -2.403254e+00  -2.295038e+00  -2.227606e+00  -2.158997e+00  -2.065720e+00  -1.997196e+00  -1.927500e+00  -1.841628e+00  -1.770091e+00  -1.697275e+00  -1.613371e+00  -1.537206e+00  -1.458065e+00  -1.371071e+00  -1.287805e+00  -1.196042e+00  -1.097147e+00  -1.001489e+00  -9.029909e-01  -7.931271e-01  -6.661001e-01  -5.005429e-01  -3.206522e-01  -1.299439e-01   7.485981e-02
  -2.502428e+00  -2.434820e+00  -2.325053e+00  -2.258202e+00  -2.190614e+00  -2.096183e+00  -2.028665e+00  -1.960286e+00  -1.874622e+00  -1.804768e+00  -1.733761e+00  -1.651185e+00  -1.576994e+00  -1.501322e+00  -1.416507e+00  -1.335916e+00  -1.252890e+00  -1.159160e+00  -1.063142e+00  -9.678222e-01  -8.683254e-01  -7.613902e-01  -6.368643e-01  -4.744216e-01  -2.967894e-01  -1.071898e-01
  -2.532294e+00  -2.465480e+00  -2.354322e+00  -2.288089e+00  -2.221239e+00  -2.125923e+00  -2.059309e+00  -1.991891e+00  -1.906338e+00  -1.837733e+00  -1.768307e+00  -1.686455e+00  -1.614884e+00  -1.541042e+00  -1.458968e+00  -1.381218e+00  -1.300642e+00  -1.214220e+00  -1.125131e+00  -1.029724e+00  -9.325964e-01  -8.343856e-01  -7.299112e-01  -6.061687e-01  -4.489087e-01  -2.727139e-01
  -2.561788e+00  -2.495619e+00  -2.383208e+00  -2.317479e+00  -2.251171e+00  -2.154683e+00  -2.089029e+00  -2.022288e+00  -1.936748e+00  -1.869428e+00  -1.800947e+00  -1.720025e+00  -1.649812e+00  -1.578372e+00  -1.497909e+00  -1.423031e+00  -1.345630e+00  -1.261420e+00  -1.179044e+00  -1.091177e+00  -9.941509e-01  -8.988058e-01  -8.009396e-01  -6.967046e-01  -5.762416e-01  -4.232139e-01
  -2.591604e+00  -2.525284e+00  -2.411127e+00  -2.346036e+00  -2.280471e+00  -2.183075e+00  -2.117661e+00  -2.051847e+00  -1.965876e+00  -1.899603e+00  -1.832514e+00  -1.751830e+00  -1.683160e+00  -1.613257e+00  -1.534473e+00  -1.461465e+00  -1.386796e+00  -1.305002e+00  -1.225625e+00  -1.143110e+00  -1.054366e+00  -9.605009e-01  -8.652561e-01  -7.653663e-01  -6.645161e-01  -5.461242e-01
  -2.620474e+00  -2.554790e+00  -2.438833e+00  -2.374063e+00  -2.309035e+00  -2.210650e+00  -2.145901e+00  -2.080584e+00  -1.994259e+00  -1.928794e+00  -1.862660e+00  -1.782419e+00  -1.715019e+00  -1.646537e+00  -1.568508e+00  -1.497708e+00  -1.425617e+00  -1.345953e+00  -1.269424e+00  -1.190238e+00  -1.104966e+00  -1.020179e+00  -9.267802e-01  -8.294091e-01  -7.316266e-01  -6.321508e-01
  -2.649151e+00  -2.583781e+00  -2.465878e+00  -2.401679e+00  -2.337019e+00  -2.237586e+00  -2.173549e+00  -2.108577e+00  -2.021703e+00  -1.956981e+00  -1.891696e+00  -1.811623e+00  -1.745323e+00  -1.678108e+00  -1.601002e+00  -1.531961e+00  -1.461366e+00  -1.383757e+00  -1.309787e+00  -1.233496e+00  -1.151281e+00  -1.070173e+00  -9.855891e-01  -8.911821e-01  -7.957098e-01  -6.983575e-01
  -2.677593e+00  -2.612642e+00  -2.492693e+00  -2.428707e+00  -2.364436e+00  -2.264081e+00  -2.200351e+00  -2.136173e+00  -2.048417e+00  -1.984416e+00  -1.919797e+00  -1.839845e+00  -1.774456e+00  -1.708397e+00  -1.631751e+00  -1.564087e+00  -1.495318e+00  -1.419095e+00  -1.347494e+00  -1.273722e+00  -1.194457e+00  -1.115841e+00  -1.034592e+00  -9.491539e-01  -8.571648e-01  -7.618958e-01
  -2.705472e+00  -2.640900e+00  -2.519015e+00  -2.455549e+00  -2.391599e+00  -2.290000e+00  -2.226836e+00  -2.163046e+00  -2.074491e+00  -2.011093e+00  -1.947164e+00  -1.867097e+00  -1.802554e+00  -1.737348e+00  -1.661366e+00  -1.594804e+00  -1.527203e+00  -1.452206e+00  -1.382352e+00  -1.310984e+00  -1.233839e+00  -1.158460e+00  -1.080346e+00  -9.971443e-01  -9.144071e-01  -8.228860e-01
  -2.733179e+00  -2.668598e+00  -2.544879e+00  -2.481820e+00  -2.418385e+00  -2.315411e+00  -2.252801e+00  -2.189524e+00  -2.100007e+00  -2.037155e+00  -1.973687e+00  -1.893400e+00  -1.829686e+00  -1.765219e+00  -1.689594e+00  -1.624049e+00  -1.557827e+00  -1.483669e+00  -1.415354e+00  -1.345810e+00  -1.270523e+00  -1.197450e+00  -1.122631e+00  -1.042257e+00  -9.620022e-01  -8.797325e-01
  -2.760770e+00  -2.696327e+00  -2.570769e+00  -2.507769e+00  -2.444528e+00  -2.340528e+00  -2.278135e+00  -2.215402e+00  -2.125166e+00  -2.062608e+00  -1.999654e+00  -1.919185e+00  -1.855989e+00  -1.792385e+00  -1.716826e+00  -1.652253e+00  -1.587029e+00  -1.513622e+00  -1.446591e+00  -1.378645e+00  -1.304717e+00  -1.233905e+00  -1.161109e+00  -1.083830e+00  -1.006729e+00  -9.267538e-01
  -2.788031e+00  -2.723858e+00  -2.596416e+00  -2.533624e+00  -2.470513e+00  -2.365195e+00  -2.303251e+00  -2.240708e+00  -2.149765e+00  -2.087568e+00  -2.025143e+00  -1.944091e+00  -1.881628e+00  -1.818502e+00  -1.743165e+00  -1.679462e+00  -1.615083e+00  -1.542151e+00  -1.476572e+00  -1.409641e+00  -1.337052e+00  -1.267866e+00  -1.197476e+00  -1.121982e+00  -1.047646e+00  -9.711893e-01
  -2.814654e+00  -2.751235e+00  -2.621833e+00  -2.559075e+00  -2.496427e+00  -2.389719e+00  -2.327861e+00  -2.265659e+00  -2.173964e+00  -2.112258e+00  -2.050139e+00  -1.968683e+00  -1.906562e+00  -1.844062e+00  -1.768667e+00  -1.705765e+00  -1.642210e+00  -1.569684e+00  -1.504995e+00  -1.439481e+00  -1.367516e+00  -1.300199e+00  -1.231200e+00  -1.157778e+00  -1.085611e+00  -1.011730e+00
  -2.841197e+00  -2.778096e+00  -2.646834e+00  -2.584302e+00  -2.522010e+00  -2.413635e+00  -2.352234e+00  -2.290286e+00  -2.197691e+00  -2.136344e+00  -2.074643e+00  -1.992417e+00  -1.930944e+00  -1.869184e+00  -1.793524e+00  -1.731194e+00  -1.668331e+00  -1.596168e+00  -1.532343e+00  -1.467817e+00  -1.396898e+00  -1.330436e+00  -1.263210e+00  -1.191157e+00  -1.121037e+00  -1.049331e+00
  -2.867747e+00  -2.804656e+00  -2.671488e+00  -2.609456e+00  -2.547446e+00  -2.437441e+00  -2.376100e+00  -2.314634e+00  -2.221040e+00  -2.160105e+00  -2.098799e+00  -2.015844e+00  -1.954819e+00  -1.893450e+00  -1.817828e+00  -1.755874e+00  -1.693747e+00  -1.621813e+00  -1.558786e+00  -1.494980e+00  -1.424682e+00  -1.359661e+00  -1.293391e+00  -1.222655e+00  -1.154363e+00  -1.084473e+00
  -2.894089e+00  -2.831350e+00  -2.695928e+00  -2.634230e+00  -2.572361e+00  -2.460906e+00  -2.399853e+00  -2.338700e+00  -2.244072e+00  -2.183482e+00  -2.122487e+00  -2.038858e+00  -1.978234e+00  -1.917195e+00  -1.841400e+00  -1.780128e+00  -1.718535e+00  -1.646673e+00  -1.584365e+00  -1.521285e+00  -1.451523e+00  -1.387395e+00  -1.322498e+00  -1.252540e+00  -1.185850e+00  -1.117600e+00
  -2.920201e+00  -2.857732e+00  -2.720165e+00  -2.658866e+00  -2.597055e+00  -2.484073e+00  -2.423315e+00  -2.362430e+00  -2.266661e+00  -2.206475e+00  -2.145804e+00  -2.061550e+00  -2.001100e+00  -1.940600e+00  -1.864512e+00  -1.803716e+00  -1.742501e+00  -1.670786e+00  -1.609049e+00  -1.546873e+00  -1.477387e+00  -1.414170e+00  -1.350107e+00  -1.281069e+00  -1.215396e+00  -1.148684e+00
  -2.946010e+00  -2.884058e+00  -2.744378e+00  -2.683039e+00  -2.621466e+00  -2.507063e+00  -2.446477e+00  -2.385868e+00  -2.289082e+00  -2.229119e+00  -2.168843e+00  -2.083874e+00  -2.023813e+00  -1.963505e+00  -1.887042e+00  -1.826799e+00  -1.766022e+00  -1.694330e+00  -1.633099e+00  -1.571497e+00  -1.502403e+00  -1.439941e+00  -1.376762e+00  -1.308303e+00  -1.243912e+00  -1.178368e+00
#
  -8.901954e-01  -2.123080e-01  -7.535692e-01  -7.452280e-01  -2.051392e-01  -5.108106e-01  -3.823664e-01  -2.698301e-02  -2.934022e-02   1.661264e-01   4.132089e-01   5.816120e-01   7.953575e-01   1.014594e+00   1.176091e+00   1.176091e+00   1.176091e+00   1.176091e+00   1.176091e+00   1.176091e+00   1.176091e+00   1.176091e+00   1.176091e+00   1.176091e+00   1.176091e+00   1.176091e+00
  -8.748950e-01  -8.770411e-01  -4.625946e-01  -7.718206e-01  -7.286722e-01  -3.731945e-01  -5.004349e-01  -3.710602e-01  -9.945399e-02  -1.427581e-02   1.843870e-01   4.124096e-01   6.006576e-01   8.167131e-01   1.035088e+00   1.176091e+00   1.176091e+00   1.176091e+00   1.176091e+00   1.176091e+00   1.176091e+00   1.176091e+00   1.176091e+00   1.176091e+00   1.176091e+00   1.176091e+00
  -9.036026e-01  -8.310980e-01  -8.381380e-01  -5.926299e-01  -7.079155e-01  -7.041975e-01  -4.706296e-01  -4.096449e-01  -3.453432e-01  -1.241916e-01   1.954085e-02   2.069841e-01   4.238892e-01   6.221734e-01   8.379899e-01   1.054281e+00   1.176091e+00   1.176091e+00   1.176091e+00   1.176091e+00   1.176091e+00   1.176091e+00   1.176091e+00   1.176091e+00   1.176091e+00   1.176091e+00
  -7.619797e-01  -5.482494e-01  -8.043006e-01  -7.167464e-01  -4.317013e-01  -7.200781e-01  -6.154801e-01  -3.514951e-01  -4.527436e-01  -2.995971e-01  -6.557483e-02   3.272022e-02   2.310441e-01   4.529843e-01   6.419736e-01   8.571189e-01   1.076039e+00   1.176091e+00   1.176091e+00   1.176091e+00   1.176091e+00   1.176091e+00   1.176091e+00   1.176091e+00   1.176091e+00   1.176091e+00
  -8.577405e-01  -8.298091e-01  -7.474460e-01  -7.869873e-01  -7.494298e-01  -5.457063e-01  -7.040302e-01  -6.277783e-01  -3.931704e-01  -4.428499e-01  -2.933442e-01  -6.622307e-02   5.115063e-02   2.489092e-01   4.674508e-01   6.643921e-01   8.777651e-01   1.095484e+00   1.176091e+00   1.176091e+00   1.176091e+00   1.176091e+00   1.176091e+00   1.176091e+00   1.176091e+00   1.176091e+00
  -8.509417e-01  -7.948417e-01  -8.044876e-01  -7.457788e-01  -7.187669e-01  -7.323967e-01  -5.859556e-01  -6.269225e-01  -6.025316e-01  -4.407596e-01  -3.887249e-01  -2.673764e-01  -7.529580e-02   8.429942e-02   2.713549e-01   4.801030e-01   7.291005e-01   8.983724e-01   1.114833e+00   1.176091e+00   1.176091e+00   1.176091e+00   1.176091e+00   1.176091e+00   1.176091e+00   1.176091e+00
  -8.594143e-01  -8.003950e-01  -7.913408e-01  -5.932337e-01  -7.011931e-01  -4.721560e-01  -1.519328e-01  -5.661611e-01  -4.524730e-01  -1.569072e-01  -4.274219e-01  -2.799378e-01  -2.244931e-02  -5.935166e-02   1.315217e-01   3.584495e-01   5.009022e-01   7.122151e-01   9.295203e-01   1.134642e+00   1.176091e+00   1.176091e+00   1.176091e+00   1.176091e+00   1.176091e+00   1.176091e+00
  -8.290396e-01  -8.224809e-01  -6.653374e-01  -6.838501e-01  -6.921584e-01  -6.265386e-01  -5.341538e-01  -3.988596e-01  -5.272228e-01  -4.913900e-01  -3.341101e-01  -3.889882e-01  -2.984286e-01  -1.185398e-01  -3.160606e-02   1.374725e-01   3.397951e-01   5.239379e-01   7.284053e-01   9.426009e-01   1.161385e+00   1.176091e+00   1.176091e+00   1.176091e+00   1.176091e+00   1.176091e+00
  -8.445272e-01  -8.116430e-01  -7.539222e-01  -7.397553e-01  -6.914610e-01  -6.380546e-01  -5.137445e-01  -5.731582e-01  -4.650792e-01  -4.268245e-01  -5.165854e-01  -3.950207e-01  -2.770943e-01  -2.980887e-01  -1.389050e-01   2.596384e-02   1.540437e-01   3.485440e-01   5.494865e-01   7.506262e-01   9.622064e-01   1.177170e+00   1.176091e+00   1.176091e+00   1.176091e+00   1.176091e+00
  -8.467641e-01  -8.080861e-01  -7.702720e-01  -7.177407e-01  -6.921859e-01  -6.243943e-01  -4.950544e-01  -5.706380e-01  -5.248582e-01  -4.003538e-01  -4.744834e-01   1.926943e-01  -3.413012e-01  -3.337275e-01   2.013771e-01  -1.039217e-01   2.397211e-02   3.801869e-01   3.730827e-01   5.687914e-01   8.217515e-01   9.831088e-01   1.176091e+00   1.176091e+00   1.176091e+00   1.176091e+00
  -8.457707e-01  -8.038641e-01  -7.577081e-01  -7.270627e-01  -6.939748e-01  -6.446369e-01  -6.115318e-01  -5.853898e-01  -5.527897e-01  -4.841384e-01  -4.599657e-01  -4.571058e-01  -5.720240e-02  -3.599113e-01  -3.153103e-01   3.328762e-02  -9.549994e-02   3.477505e-02   3.057005e-01   3.892256e-01   5.858817e-01   8.159780e-01   1.001980e+00   1.176091e+00   1.176091e+00   1.176091e+00
  -8.462527e-01  -8.062854e-01  -7.636815e-01  -7.150964e-01  -6.734816e-01  -6.295491e-01  -6.066076e-01  -5.596304e-01  -5.296191e-01  -5.240923e-01  -4.871067e-01  -4.134490e-01  -4.252834e-01  -1.847175e-01  -2.940329e-01  -2.962260e-01  -6.377807e-02  -9.434037e-04   5.862504e-02   2.793310e-01   4.263948e-01   6.081440e-01   8.243596e-01   1.024152e+00   1.176091e+00   1.176091e+00
  -8.455257e-01  -8.054516e-01  -7.586917e-01  -7.204474e-01  -6.859083e-01  -6.301434e-01  -6.031204e-01  -5.657849e-01  -4.607835e-01  -4.759308e-01  -3.503555e-01  -1.386597e-01  -3.929130e-01  -3.059607e-01  -2.232554e-02  -3.109609e-01  -2.087869e-01   5.581733e-02  -4.718658e-02   1.044625e-01   3.405195e-01   4.342422e-01   6.321830e-01   8.548306e-01   1.042478e+00   1.176091e+00
  -8.458261e-01  -8.063287e-01  -7.595298e-01  -7.183951e-01  -6.791369e-01  -6.285019e-01  -6.041254e-01  -5.323334e-01  -5.197810e-01  -5.088527e-01  -4.432452e-01  -4.127967e-01  -3.371522e-01  -3.749995e-01  -3.343322e-01  -1.385525e-01  -2.946305e-01  -2.174207e-01   1.208224e-02  -3.753130e-02   1.109531e-01   3.370299e-01   4.527908e-01   6.501949e-01   8.686427e-01   1.064672e+00
  -8.456402e-01  -8.055666e-01  -7.595685e-01  -7.194695e-01  -6.829952e-01  -6.376685e-01  -6.024068e-01  -5.563350e-01  -5.244359e-01  -4.767876e-01  -4.369465e-01  -3.786785e-01  -3.930320e-01  -3.347979e-01  -3.048564e-01  -3.231652e-01  -1.781547e-01  -2.170179e-01  -1.962623e-01  -3.505291e-02   1.729397e-02   1.358163e-01   3.274809e-01   4.862960e-01   6.723538e-01   8.817183e-01
  -8.455322e-01  -8.055661e-01  -7.598014e-01  -7.199887e-01  -6.807352e-01  -6.368050e-01  -6.002002e-01  -5.631975e-01  -5.179671e-01  -4.681674e-01  -4.447957e-01  -3.843123e-01  -3.801159e-01  -1.861901e-01  -2.878580e-01  -6.664408e-02   2.508838e-01  -1.574713e-01  -4.723410e-02   2.464388e-01  -2.044369e-02   1.227425e-01   3.808067e-01   3.428057e-01   5.328443e-01   7.619837e-01
  -8.455032e-01  -8.055230e-01  -7.596352e-01  -7.196914e-01  -6.802019e-01  -6.364294e-01  -5.977925e-01  -5.582834e-01  -5.203742e-01  -4.664384e-01  -4.153436e-01  -4.053242e-01  -2.565081e-01  -2.741209e-01  -2.796345e-01  -2.188119e-01  -1.275090e-01   7.603674e-03  -1.209754e-01  -8.504081e-02   7.254718e-02   1.511647e-02   1.051550e-01   2.846635e-01   3.703102e-01   5.386549e-01
  -8.454897e-01  -8.055031e-01  -7.595740e-01  -7.196313e-01  -6.797895e-01  -6.355792e-01  -5.950392e-01  -5.564341e-01  -5.112117e-01  -4.744366e-01  -4.304984e-01  -3.948093e-01  -3.432993e-01  -3.289050e-01  -2.787209e-01  -2.304333e-01  -1.071927e-01  -1.633917e-01  -5.989844e-02  -2.066117e-02  -1.089448e-01   9.113477e-03   1.279632e-01   1.065766e-01   2.630652e-01   4.289594e-01
  -8.454825e-01  -8.054908e-01  -7.595470e-01  -7.195611e-01  -6.795949e-01  -6.353169e-01  -5.951888e-01  -5.563560e-01  -5.144565e-01  -4.721816e-01  -4.330409e-01  -3.914465e-01  -3.595527e-01  -3.075955e-01  -2.797821e-01  -2.165444e-01  -8.894558e-02  -1.611574e-01  -1.186914e-01   4.591828e-03  -6.687421e-02   5.942518e-01   6.229468e-02   7.196644e-02   6.044265e-01   2.980837e-01
  -8.454810e-01  -8.054836e-01  -7.595363e-01  -7.195457e-01  -6.795710e-01  -6.351865e-01  -5.953306e-01  -5.556141e-01  -5.129468e-01  -4.716484e-01  -4.320069e-01  -3.877953e-01  -3.473168e-01  -3.164767e-01  -2.814785e-01  -2.367136e-01  -2.034469e-01  -1.755830e-01  -1.464333e-01  -7.853416e-02  -5.269364e-02  -5.206322e-02   3.449176e-01   4.566694e-02   8.797873e-02   4.365118e-01
  -8.454797e-01  -8.054809e-01  -7.595301e-01  -7.195338e-01  -6.795429e-01  -6.351574e-01  -5.952159e-01  -5.553134e-01  -5.119691e-01  -4.728782e-01  -4.326451e-01  -3.902345e-01  -3.532877e-01  -3.049067e-01  -2.613701e-01  -2.218130e-01  -1.988032e-01  -1.503721e-01  -1.235220e-01  -1.175580e-01  -7.955151e-02  -8.749263e-03  -2.009900e-02   2.192191e-01   1.094708e-01   1.076493e-01
  -8.454781e-01  -8.054791e-01  -7.595275e-01  -7.195302e-01  -6.795335e-01  -6.351434e-01  -5.951616e-01  -5.552005e-01  -5.119660e-01  -4.722217e-01  -4.319101e-01  -3.893480e-01  -3.485899e-01  -3.100419e-01  -2.735807e-01  -2.225716e-01  -1.953580e-01  -1.564461e-01  -5.573938e-02  -7.016588e-02   5.540181e-02   2.641882e-01   1.190488e-02   9.909533e-02   3.799572e-01   9.289918e-02
  -8.454777e-01  -8.054782e-01  -7.595262e-01  -7.195281e-01  -6.795290e-01  -6.351327e-01  -5.951427e-01  -5.551544e-01  -5.119120e-01  -4.719641e-01  -4.321748e-01  -3.902197e-01  -3.494341e-01  -3.082816e-01  -2.670724e-01  -2.208180e-01  -1.961257e-01  -1.237752e-01  -1.139115e-01  -1.025803e-01  -3.614308e-02  -8.260227e-03   6.687837e-02   3.105112e-02   6.966686e-02   2.647223e-01
  -8.454776e-01  -8.054775e-01  -7.595258e-01  -7.195264e-01  -6.795275e-01  -6.351292e-01  -5.951318e-01  -5.551393e-01  -5.118825e-01  -4.719040e-01  -4.320022e-01  -3.895023e-01  -3.494622e-01  -3.093566e-01  -2.709041e-01  -2.299575e-01  -1.944879e-01  -1.470820e-01  -1.183961e-01  -7.079512e-02  -2.997423e-02   2.573003e-02   1.173139e-02   7.046601e-02   9.891494e-02   8.087716e-02
  -8.454775e-01  -8.054775e-01  -7.595253e-01  -7.195254e-01  -6.795260e-01  -6.351266e-01  -5.951276e-01  -5.551318e-01  -5.118645e-01  -4.718743e-01  -4.319070e-01  -3.894793e-01  -3.496665e-01  -3.098539e-01  -2.687632e-01  -2.291737e-01  -1.923824e-01  -1.539564e-01  -1.121816e-01  -6.247161e-02  -3.768505e-02   2.013992e-02   2.460378e-02   2.178173e-01   1.156135e-01   3.355448e-01
  -8.454774e-01  -8.054773e-01  -7.595250e-01  -7.195251e-01  -6.795254e-01  -6.351248e-01  -5.951261e-01  -5.551276e-01  -5.118557e-01  -4.718644e-01  -4.318737e-01  -3.894422e-01  -3.495103e-01  -3.095611e-01  -2.682294e-01  -2.288523e-01  -1.901389e-01  -1.491001e-01  -1.143032e-01  -6.077981e-02  -8.711505e-03  -6.571339e-04   1.470013e-01   1.306357e-01   1.237521e-01   1.845890e-01
  -8.454776e-01  -8.054775e-01  -7.595249e-01  -7.195248e-01  -6.795251e-01  -6.351242e-01  -5.951249e-01  -5.551263e-01  -5.118526e-01  -4.718561e-01  -4.318629e-01  -3.894287e-01  -3.494441e-01  -3.095108e-01  -2.678264e-01  -2.280027e-01  -1.874902e-01  -1.474103e-01  -1.054785e-01  -6.848484e-02  -2.359787e-02   9.646870e-03   6.111711e-02   7.641948e-02   1.247302e-01   1.729093e-01
  -8.454777e-01  -8.054773e-01  -7.595249e-01  -7.195249e-01  -6.795246e-01  -6.351241e-01  -5.951243e-01  -5.551246e-01  -5.118517e-01  -4.718523e-01  -4.318557e-01  -3.894146e-01  -3.494270e-01  -3.094457e-01  -2.676304e-01  -2.277389e-01  -1.876473e-01  -1.473950e-01  -1.086616e-01  -6.641815e-02  -2.611402e-02   1.296455e-02   4.486238e-02   9.749834e-02   1.236105e-01   1.867409e-01
  -8.454777e-01  -8.054774e-01  -7.595248e-01  -7.195249e-01  -6.795246e-01  -6.351237e-01  -5.951240e-01  -5.551243e-01  -5.118505e-01  -4.718510e-01  -4.318532e-01  -3.894077e-01  -3.494122e-01  -3.094217e-01  -2.676061e-01  -2.276311e-01  -1.877705e-01  -1.466641e-01  -1.072478e-01  -6.595041e-02  -2.521500e-02   1.665653e-02   5.707208e-02   8.875499e-02   1.218844e-01   1.666945e-01
  -8.454775e-01  -8.054775e-01  -7.595251e-01  -7.195247e-01  -6.795246e-01  -6.351236e-01  -5.951237e-01  -5.551239e-01  -5.118498e-01  -4.718501e-01  -4.318506e-01  -3.894049e-01  -3.494080e-01  -3.094099e-01  -2.675855e-01  -2.276006e-01  -1.876477e-01  -1.463729e-01  -1.063067e-01  -6.718563e-02  -2.583982e-02   1.416255e-02   5.115755e-02   1.002017e-01   1.419244e-01   1.814905e-01
  -8.454777e-01  -8.054775e-01  -7.595251e-01  -7.195248e-01  -6.795247e-01  -6.351238e-01  -5.951236e-01  -5.551237e-01  -5.118492e-01  -4.718494e-01  -4.318502e-01  -3.894026e-01  -3.494049e-01  -3.094060e-01  -2.675754e-01  -2.275850e-01  -1.875985e-01  -1.462572e-01  -1.063084e-01  -6.654974e-02  -2.517512e-02   1.498259e-02   5.574756e-02   9.512340e-02   1.297399e-01   1.806945e-01
  -8.454775e-01  -8.054774e-01  -7.595249e-01  -7.195249e-01  -6.795247e-01  -6.351237e-01  -5.951237e-01  -5.551235e-01  -5.118490e-01  -4.718492e-01  -4.318495e-01  -3.894020e-01  -3.494031e-01  -3.094033e-01  -2.675692e-01  -2.275747e-01  -1.875825e-01  -1.462142e-01  -1.062475e-01  -6.630381e-02  -2.548497e-02   1.404986e-02   5.488159e-02   9.685419e-02   1.362298e-01   1.824443e-01
  -8.454775e-01  -8.054773e-01  -7.595250e-01  -7.195248e-01  -6.795247e-01  -6.351238e-01  -5.951235e-01  -5.551235e-01  -5.118489e-01  -4.718490e-01  -4.318490e-01  -3.894015e-01  -3.494018e-01  -3.094024e-01  -2.675678e-01  -2.275693e-01  -1.875742e-01  -1.461986e-01  -1.062156e-01  -6.623303e-02  -2.529478e-02   1.475984e-02   5.480744e-02   9.577201e-02   1.324161e-01   1.733634e-01
  -8.454775e-01  -8.054773e-01  -7.595250e-01  -7.195247e-01  -6.795246e-01  -6.351237e-01  -5.951236e-01  -5.551235e-01  -5.118489e-01  -4.718489e-01  -4.318489e-01  -3.894013e-01  -3.494016e-01  -3.094016e-01  -2.675665e-01  -2.275676e-01  -1.875697e-01  -1.461913e-01  -1.062008e-01  -6.621143e-02  -2.519851e-02   1.477426e-02   5.458762e-02   9.520940e-02   1.345367e-01   1.741085e-01
  -8.454777e-01  -8.054773e-01  -7.595250e-01  -7.195248e-01  -6.795247e-01  -6.351236e-01  -5.951236e-01  -5.551236e-01  -5.118490e-01  -4.718489e-01  -4.318488e-01  -3.894011e-01  -3.494011e-01  -3.094016e-01  -2.675656e-01  -2.275661e-01  -1.875676e-01  -1.461879e-01  -1.061900e-01  -6.619951e-02  -2.517159e-02   1.481612e-02   5.473961e-02   9.549233e-02   1.349750e-01   1.744069e-01
  -8.454775e-01  -8.054773e-01  -7.595250e-01  -7.195247e-01  -6.795246e-01  -6.351237e-01  -5.951237e-01  -5.551236e-01  -5.118489e-01  -4.718489e-01  -4.318489e-01  -3.894009e-01  -3.494011e-01  -3.094012e-01  -2.675654e-01  -2.275655e-01  -1.875662e-01  -1.461867e-01  -1.061877e-01  -6.619097e-02  -2.515426e-02   1.483410e-02   5.481621e-02   9.553237e-02   1.353657e-01   1.752010e-01
#
  -1.112946e+00  -8.924509e-01  -6.152883e-01  -3.953420e-01  -1.752886e-01   9.564990e-02   3.155895e-01   5.355759e-01   8.013364e-01   1.021312e+00   1.176091e+00   1.176091e+00   1.176091e+00   1.176091e+00   1.176091e+00   1.176091e+00   1.176091e+00   1.176091e+00   1.176091e+00   1.176091e+00   1.176091e+00   1.176091e+00   1.176091e+00   1.176091e+00   1.176091e+00   1.176091e+00
  -1.309804e+00  -1.090444e+00  -8.138916e-01  -5.946536e-01  -3.751509e-01  -1.041908e-01   1.156604e-01   3.356034e-01   6.013584e-01   8.213177e-01   1.041322e+00   1.176091e+00   1.176091e+00   1.176091e+00   1.176091e+00   1.176091e+00   1.176091e+00   1.176091e+00   1.176091e+00   1.176091e+00   1.176091e+00   1.176091e+00   1.176091e+00   1.176091e+00   1.176091e+00   1.176091e+00
  -1.511449e+00  -1.291579e+00  -1.014125e+00  -7.939841e-01  -5.746288e-01  -3.038184e-01  -8.438914e-02   1.356774e-01   4.013907e-01   6.213429e-01   8.413417e-01   1.102629e+00   1.176091e+00   1.176091e+00   1.176091e+00   1.176091e+00   1.176091e+00   1.176091e+00   1.176091e+00   1.176091e+00   1.176091e+00   1.176091e+00   1.176091e+00   1.176091e+00   1.176091e+00   1.176091e+00
  -1.707744e+00  -1.492144e+00  -1.211125e+00  -9.931063e-01  -7.746907e-01  -5.041782e-01  -2.839967e-01  -6.431643e-02   2.014324e-01   4.213902e-01   6.413713e-01   9.026636e-01   1.122691e+00   1.176091e+00   1.176091e+00   1.176091e+00   1.176091e+00   1.176091e+00   1.176091e+00   1.176091e+00   1.176091e+00   1.176091e+00   1.176091e+00   1.176091e+00   1.176091e+00   1.176091e+00
  -1.899629e+00  -1.692504e+00  -1.411168e+00  -1.193820e+00  -9.730584e-01  -7.033348e-01  -4.835969e-01  -2.640021e-01   1.560653e-03   2.214059e-01   4.413829e-01   7.026976e-01   9.227137e-01   1.142675e+00   1.176091e+00   1.176091e+00   1.176091e+00   1.176091e+00   1.176091e+00   1.176091e+00   1.176091e+00   1.176091e+00   1.176091e+00   1.176091e+00   1.176091e+00   1.176091e+00
  -2.107905e+00  -1.876148e+00  -1.605548e+00  -1.389340e+00  -1.172631e+00  -9.027427e-01  -6.840297e-01  -4.636941e-01  -1.984591e-01   2.152006e-02   2.419256e-01   5.027206e-01   7.227326e-01   9.426907e-01   1.176091e+00   1.176091e+00   1.176091e+00   1.176091e+00   1.176091e+00   1.176091e+00   1.176091e+00   1.176091e+00   1.176091e+00   1.176091e+00   1.176091e+00   1.176091e+00
  -2.309804e+00  -2.075721e+00  -1.795880e+00  -1.591760e+00  -1.372634e+00  -1.101275e+00  -8.840568e-01  -6.637404e-01  -3.979400e-01  -1.785520e-01   4.139269e-02   3.028718e-01   5.227832e-01   7.426937e-01   1.000499e+00   1.176091e+00   1.176091e+00   1.176091e+00   1.176091e+00   1.176091e+00   1.176091e+00   1.176091e+00   1.176091e+00   1.176091e+00   1.176091e+00   1.176091e+00
  -2.455932e+00  -2.251812e+00  -1.982967e+00  -1.777284e+00  -1.565431e+00  -1.297569e+00  -1.081970e+00  -8.639139e-01  -5.982549e-01  -3.779933e-01  -1.585780e-01   1.028452e-01   3.228806e-01   5.427259e-01   8.005281e-01   1.020473e+00   1.176091e+00   1.176091e+00   1.176091e+00   1.176091e+00   1.176091e+00   1.176091e+00   1.176091e+00   1.176091e+00   1.176091e+00   1.176091e+00
  -2.590309e+00  -2.455932e+00  -2.193820e+00  -1.982967e+00  -1.774691e+00  -1.501689e+00  -1.282329e+00  -1.063486e+00  -7.980569e-01  -5.783961e-01  -3.585259e-01  -9.707290e-02   1.228055e-01   3.428370e-01   6.005809e-01   8.204839e-01   1.040478e+00   1.176091e+00   1.176091e+00   1.176091e+00   1.176091e+00   1.176091e+00   1.176091e+00   1.176091e+00   1.176091e+00   1.176091e+00
  -2.789827e+00  -2.569651e+00  -2.397940e+00  -2.193820e+00  -1.950782e+00  -1.703335e+00  -1.477556e+00  -1.260428e+00  -9.956786e-01  -7.772835e-01  -5.576770e-01  -2.967946e-01  -7.717078e-02   1.427960e-01   4.005898e-01   6.205004e-01   8.404856e-01   1.095284e+00   1.176091e+00   1.176091e+00   1.176091e+00   1.176091e+00   1.176091e+00   1.176091e+00   1.176091e+00   1.176091e+00
  -2.989037e+00  -2.769730e+00  -2.494983e+00  -2.318759e+00  -2.142668e+00  -1.899629e+00  -1.684030e+00  -1.454693e+00  -1.193820e+00  -9.755143e-01  -7.569620e-01  -4.962093e-01  -2.764622e-01  -5.714899e-02   2.007137e-01   4.205993e-01   6.405113e-01   8.952927e-01   1.115261e+00   1.176091e+00   1.176091e+00   1.176091e+00   1.176091e+00   1.176091e+00   1.176091e+00   1.176091e+00
  -3.188923e+00  -2.969162e+00  -2.689956e+00  -2.494850e+00  -2.318759e+00  -2.091515e+00  -1.869666e+00  -1.647817e+00  -1.397940e+00  -1.173925e+00  -9.582127e-01  -6.961562e-01  -4.770344e-01  -2.570393e-01   8.677215e-04   2.206049e-01   4.405313e-01   6.953416e-01   9.152679e-01   1.135244e+00   1.176091e+00   1.176091e+00   1.176091e+00   1.176091e+00   1.176091e+00   1.176091e+00
  -3.388806e+00  -3.168927e+00  -2.891281e+00  -2.671092e+00  -2.494850e+00  -2.267606e+00  -2.045757e+00  -1.841638e+00  -1.585027e+00  -1.376751e+00  -1.154902e+00  -8.941493e-01  -6.753061e-01  -4.561802e-01  -1.990081e-01   2.069268e-02   2.405492e-01   4.954056e-01   7.153180e-01   9.352553e-01   1.176091e+00   1.176091e+00   1.176091e+00   1.176091e+00   1.176091e+00   1.176091e+00
  -3.588663e+00  -3.368366e+00  -3.090952e+00  -2.871220e+00  -2.651535e+00  -2.443697e+00  -2.267606e+00  -2.045757e+00  -1.795880e+00  -1.568636e+00  -1.356547e+00  -1.095284e+00  -8.758219e-01  -6.554113e-01  -3.983745e-01  -1.788797e-01   4.060234e-02   2.955011e-01   5.153306e-01   7.353194e-01   9.874853e-01   1.176091e+00   1.176091e+00   1.176091e+00   1.176091e+00   1.176091e+00
  -3.788401e+00  -3.568724e+00  -3.290827e+00  -3.070998e+00  -2.850841e+00  -2.578992e+00  -2.443697e+00  -2.200659e+00  -1.958607e+00  -1.769551e+00  -1.552842e+00  -1.295849e+00  -1.072117e+00  -8.548036e-01  -5.985995e-01  -3.792395e-01  -1.589535e-01   9.537860e-02   3.153405e-01   5.353701e-01   7.881118e-01   1.007462e+00   1.176091e+00   1.176091e+00   1.176091e+00   1.176091e+00
  -3.988483e+00  -3.768625e+00  -3.490686e+00  -3.270705e+00  -3.050730e+00  -2.779848e+00  -2.559532e+00  -2.443697e+00  -2.154902e+00  -1.958607e+00  -1.744727e+00  -1.496209e+00  -1.269218e+00  -1.055517e+00  -7.969671e-01  -5.783961e-01  -3.586251e-01  -1.043013e-01   1.155107e-01   3.353576e-01   5.875201e-01   8.074674e-01   1.027452e+00   1.176091e+00   1.176091e+00   1.176091e+00
  -4.188626e+00  -3.968573e+00  -3.690672e+00  -3.470702e+00  -3.250474e+00  -2.979532e+00  -2.759247e+00  -2.539143e+00  -2.397940e+00  -2.154902e+00  -1.950782e+00  -1.679854e+00  -1.467246e+00  -1.251037e+00  -9.965395e-01  -7.778040e-01  -5.590909e-01  -3.039933e-01  -8.465294e-02   1.355143e-01   3.876567e-01   6.074657e-01   8.274662e-01   1.077433e+00   1.176091e+00   1.176091e+00
  -4.388585e+00  -4.168494e+00  -3.890543e+00  -3.670670e+00  -3.450434e+00  -3.179608e+00  -2.959731e+00  -2.739819e+00  -2.474625e+00  -2.301030e+00  -2.154902e+00  -1.879426e+00  -1.657577e+00  -1.453457e+00  -1.196543e+00  -9.763361e-01  -7.567139e-01  -5.040396e-01  -2.839967e-01  -6.454312e-02   1.875489e-01   4.076118e-01   6.275297e-01   8.774980e-01   1.097417e+00   1.176091e+00
  -4.588524e+00  -4.368577e+00  -4.090622e+00  -3.870597e+00  -3.650617e+00  -3.379548e+00  -3.159614e+00  -2.939435e+00  -2.673743e+00  -2.454402e+00  -2.301030e+00  -2.055517e+00  -1.844664e+00  -1.636388e+00  -1.389340e+00  -1.172631e+00  -9.570309e-01  -7.042131e-01  -4.846561e-01  -2.638426e-01  -1.233374e-02   2.075805e-01   4.275997e-01   6.774336e-01   8.974181e-01   1.117404e+00
  -4.788533e+00  -4.568572e+00  -4.290606e+00  -4.070615e+00  -3.850668e+00  -3.579501e+00  -3.359552e+00  -3.139379e+00  -2.873586e+00  -2.654151e+00  -2.434357e+00  -2.259637e+00  -2.055517e+00  -1.844664e+00  -1.598599e+00  -1.376751e+00  -1.157391e+00  -9.037854e-01  -6.846595e-01  -4.644527e-01  -2.123270e-01   7.662447e-03   2.275011e-01   4.775553e-01   6.974909e-01   9.174057e-01
  -4.988567e+00  -4.768540e+00  -4.490571e+00  -4.270613e+00  -4.050603e+00  -3.779405e+00  -3.559323e+00  -3.339373e+00  -3.073856e+00  -2.853701e+00  -2.634022e+00  -2.372857e+00  -2.259637e+00  -2.055517e+00  -1.774691e+00  -1.578396e+00  -1.352617e+00  -1.100727e+00  -8.817353e-01  -6.633402e-01  -4.113922e-01  -1.904066e-01   2.751269e-02   2.774946e-01   4.974964e-01   7.174208e-01
  -5.188555e+00  -4.968546e+00  -4.690559e+00  -4.470595e+00  -4.250566e+00  -3.979395e+00  -3.759458e+00  -3.539521e+00  -3.273803e+00  -3.053819e+00  -2.833907e+00  -2.572873e+00  -2.356547e+00  -2.180456e+00  -1.966576e+00  -1.774691e+00  -1.559091e+00  -1.294992e+00  -1.079877e+00  -8.607508e-01  -6.108339e-01  -3.914740e-01  -1.717269e-01   7.754958e-02   2.976511e-01   5.175258e-01
  -5.388552e+00  -5.168544e+00  -4.890568e+00  -4.670570e+00  -4.450550e+00  -4.179458e+00  -3.959396e+00  -3.739431e+00  -3.473742e+00  -3.253673e+00  -3.033768e+00  -2.772071e+00  -2.552653e+00  -2.356547e+00  -2.142668e+00  -1.966576e+00  -1.744727e+00  -1.488117e+00  -1.283997e+00  -1.059982e+00  -8.121974e-01  -5.914209e-01  -3.724293e-01  -1.223408e-01   9.777773e-02   3.175410e-01
  -5.677781e+00  -5.368556e+00  -5.090574e+00  -4.870573e+00  -4.650580e+00  -4.379419e+00  -4.159458e+00  -3.939406e+00  -3.673731e+00  -3.453682e+00  -3.233763e+00  -2.972435e+00  -2.752526e+00  -2.532776e+00  -2.318759e+00  -2.142668e+00  -1.920819e+00  -1.681937e+00  -1.471083e+00  -1.262807e+00  -1.008774e+00  -7.894140e-01  -5.705707e-01  -3.214816e-01  -1.020981e-01   1.176027e-01
  -5.853872e+00  -5.677781e+00  -5.290576e+00  -5.070569e+00  -4.850575e+00  -4.579431e+00  -4.359405e+00  -4.151694e+00  -3.873627e+00  -3.653637e+00  -3.444577e+00  -3.172330e+00  -2.952456e+00  -2.732400e+00  -2.474708e+00  -2.318759e+00  -2.142668e+00  -1.886057e+00  -1.681937e+00  -1.454693e+00  -1.210419e+00  -9.905491e-01  -7.710866e-01  -5.207127e-01  -3.014645e-01  -8.196966e-02
  -5.853872e+00  -5.853872e+00  -5.490571e+00  -5.270574e+00  -5.050574e+00  -4.779427e+00  -4.559423e+00  -4.339423e+00  -4.073665e+00  -3.853654e+00  -3.633724e+00  -3.372278e+00  -3.152385e+00  -2.932451e+00  -2.674383e+00  -2.454594e+00  -2.318759e+00  -2.040959e+00  -1.844664e+00  -1.655608e+00  -1.406714e+00  -1.191114e+00  -9.673812e-01  -7.201050e-01  -5.016894e-01  -2.823295e-01
  -6.154902e+00  -5.853872e+00  -5.795880e+00  -5.470571e+00  -5.250575e+00  -4.979423e+00  -4.759437e+00  -4.539429e+00  -4.273672e+00  -4.053701e+00  -3.833683e+00  -3.572367e+00  -3.352240e+00  -3.132376e+00  -2.874343e+00  -2.654679e+00  -2.434908e+00  -2.283997e+00  -2.040959e+00  -1.844664e+00  -1.598599e+00  -1.391474e+00  -1.164309e+00  -9.208188e-01  -7.000571e-01  -4.814861e-01
  -6.154902e+00  -6.154902e+00  -5.795880e+00  -5.619789e+00  -5.450573e+00  -5.179423e+00  -4.959423e+00  -4.739431e+00  -4.473681e+00  -4.253673e+00  -4.033692e+00  -3.772283e+00  -3.552319e+00  -3.332294e+00  -3.074526e+00  -2.854649e+00  -2.634728e+00  -2.379734e+00  -2.232844e+00  -2.040959e+00  -1.779892e+00  -1.575118e+00  -1.362510e+00  -1.116339e+00  -8.996295e-01  -6.808939e-01
  -6.154902e+00  -6.154902e+00  -6.096910e+00  -5.795880e+00  -5.619789e+00  -5.379430e+00  -5.159424e+00  -4.939431e+00  -4.673673e+00  -4.453682e+00  -4.233675e+00  -3.972277e+00  -3.752304e+00  -3.532312e+00  -3.274575e+00  -3.054563e+00  -2.834610e+00  -2.579678e+00  -2.359644e+00  -2.187087e+00  -2.008774e+00  -1.774691e+00  -1.552842e+00  -1.318759e+00  -1.099633e+00  -8.794261e-01
  -6.154902e+00  -6.154902e+00  -6.096910e+00  -6.096910e+00  -5.795880e+00  -5.568636e+00  -5.359427e+00  -5.139427e+00  -4.873675e+00  -4.653674e+00  -4.433665e+00  -4.172288e+00  -3.952269e+00  -3.732310e+00  -3.474512e+00  -3.254466e+00  -3.034572e+00  -2.779672e+00  -2.559915e+00  -2.339758e+00  -2.154902e+00  -1.950782e+00  -1.739929e+00  -1.501689e+00  -1.292430e+00  -1.075721e+00
  -6.154902e+00  -6.154902e+00  -6.096910e+00  -6.096910e+00  -6.096910e+00  -5.744727e+00  -5.568636e+00  -5.351663e+00  -5.073672e+00  -4.853677e+00  -4.633671e+00  -4.372278e+00  -4.152296e+00  -3.932293e+00  -3.674475e+00  -3.454456e+00  -3.234519e+00  -2.979822e+00  -2.759859e+00  -2.539879e+00  -2.287850e+00  -2.154902e+00  -1.950782e+00  -1.709965e+00  -1.501689e+00  -1.279841e+00
  -6.154902e+00  -6.154902e+00  -6.096910e+00  -6.096910e+00  -6.096910e+00  -6.045757e+00  -5.744727e+00  -5.568636e+00  -5.273677e+00  -5.053672e+00  -4.833672e+00  -4.572283e+00  -4.352291e+00  -4.132306e+00  -3.874517e+00  -3.654519e+00  -3.434457e+00  -3.179730e+00  -2.959798e+00  -2.739730e+00  -2.487732e+00  -2.267336e+00  -2.154902e+00  -1.920819e+00  -1.677781e+00  -1.481486e+00
  -6.154902e+00  -6.154902e+00  -6.096910e+00  -6.096910e+00  -6.096910e+00  -6.045757e+00  -6.045757e+00  -5.744727e+00  -5.522879e+00  -5.253673e+00  -5.033678e+00  -4.772283e+00  -4.552287e+00  -4.332294e+00  -4.074489e+00  -3.854480e+00  -3.634519e+00  -3.379705e+00  -3.159787e+00  -2.939739e+00  -2.687659e+00  -2.467699e+00  -2.251812e+00  -2.045757e+00  -1.869666e+00  -1.677781e+00
  -6.154902e+00  -6.154902e+00  -6.096910e+00  -6.096910e+00  -6.096910e+00  -6.045757e+00  -6.045757e+00  -6.045757e+00  -5.698970e+00  -5.522879e+00  -5.233675e+00  -4.972284e+00  -4.752283e+00  -4.532281e+00  -4.274506e+00  -4.054493e+00  -3.834520e+00  -3.579758e+00  -3.359805e+00  -3.139694e+00  -2.887627e+00  -2.667595e+00  -2.447724e+00  -2.221849e+00  -2.045757e+00  -1.869666e+00
  -6.154902e+00  -6.154902e+00  -6.096910e+00  -6.096910e+00  -6.096910e+00  -6.045757e+00  -6.045757e+00  -6.045757e+00  -5.698970e+00  -5.698970e+00  -5.522879e+00  -5.172288e+00  -4.952288e+00  -4.732291e+00  -4.474497e+00  -4.254510e+00  -4.034518e+00  -3.779723e+00  -3.559721e+00  -3.339710e+00  -3.087596e+00  -2.867543e+00  -2.647654e+00  -2.397749e+00  -2.221849e+00  -2.045757e+00
  -6.154902e+00  -6.154902e+00  -6.096910e+00  -6.096910e+00  -6.096910e+00  -6.045757e+00  -6.045757e+00  -6.045757e+00  -6.000000e+00  -5.698970e+00  -5.698970e+00  -5.481486e+00  -5.152288e+00  -4.932287e+00  -4.674503e+00  -4.454498e+00  -4.234498e+00  -3.979728e+00  -3.759728e+00  -3.539758e+00  -3.287555e+00  -3.067629e+00  -2.847505e+00  -2.597697e+00  -2.377433e+00  -2.221849e+00
