# New G.A.S. format
# In this file, each line of the header is starting by #
#    data are saved after the keyword START
# Cascade formation timescale
# 
# This data file is build as follow:
# a b
# l_star, sig_star, mu_star
# nAccRateBins nDiscScaleBins
# dlogAccRate dlogDiscScale
# List of Accretion rates (in log) [Msun/yr]  : AccRateBins
# List of disc scale (in log) [kpc] : DiscScaleBins
# A blank line starting with # 
# And for each following data line (i: nAccRateBins index): log(t_form)(i,1:nDiscScaleBins) in Gyr
START
0.2  0.6
0.1  0.3  150.0
36  29
0.200  0.125
-2.000  -1.800  -1.600  -1.400  -1.200  -1.000  -0.800  -0.600  -0.400  -0.200  0.000  0.200  0.400  0.600  0.800  1.000  1.200  1.400  1.600  1.800  2.000  2.200  2.400  2.600  2.800  3.000  3.200  3.400  3.600  3.800  4.000  4.200  4.400  4.600  4.800  5.000
-3.000  -2.875  -2.750  -2.625  -2.500  -2.375  -2.250  -2.125  -2.000  -1.875  -1.750  -1.625  -1.500  -1.375  -1.250  -1.125  -1.000  -0.875  -0.750  -0.625  -0.500  -0.375  -0.250  -0.125  0.000  0.125  0.250  0.375  0.500
#
  -2.625527e+00  -2.542772e+00  -2.396405e+00  -2.294438e+00  -2.185907e+00  -2.031766e+00  -1.902831e+00  -1.758553e+00  -1.620687e+00  -1.445060e+00  -1.249985e+00  -1.033508e+00  -7.931856e-01  -5.442103e-01  -2.838467e-01  -1.881210e-02   2.500260e-01   1.176091e+00   1.176091e+00   1.176091e+00   1.176091e+00   1.176091e+00   1.176091e+00   1.176091e+00   1.176091e+00   1.176091e+00   1.176091e+00   1.176091e+00   1.176091e+00
  -2.659587e+00  -2.583690e+00  -2.439196e+00  -2.344970e+00  -2.240791e+00  -2.099763e+00  -1.973553e+00  -1.828028e+00  -1.700208e+00  -1.549072e+00  -1.381774e+00  -1.183544e+00  -9.590701e-01  -7.219976e-01  -4.709126e-01  -2.107346e-01   5.515431e-02   3.247533e-01   1.176091e+00   1.176091e+00   1.176091e+00   1.176091e+00   1.176091e+00   1.176091e+00   1.176091e+00   1.176091e+00   1.176091e+00   1.176091e+00   1.176091e+00
  -2.690800e+00  -2.620965e+00  -2.479548e+00  -2.390364e+00  -2.293045e+00  -2.151982e+00  -2.041684e+00  -1.896213e+00  -1.770343e+00  -1.631529e+00  -1.488165e+00  -1.314673e+00  -1.113980e+00  -8.904234e-01  -6.495458e-01  -3.972728e-01  -1.370493e-01   1.294262e-01   1.176091e+00   1.176091e+00   1.176091e+00   1.176091e+00   1.176091e+00   1.176091e+00   1.176091e+00   1.176091e+00   1.176091e+00   1.176091e+00   1.176091e+00
  -2.720216e+00  -2.653952e+00  -2.516855e+00  -2.432407e+00  -2.339873e+00  -2.201994e+00  -2.096756e+00  -1.962811e+00  -1.837554e+00  -1.700259e+00  -1.572476e+00  -1.424871e+00  -1.246696e+00  -1.043687e+00  -8.175949e-01  -5.774849e-01  -3.247880e-01  -6.285142e-02   2.038581e-01   1.176091e+00   1.176091e+00   1.176091e+00   1.176091e+00   1.176091e+00   1.176091e+00   1.176091e+00   1.176091e+00   1.176091e+00   1.176091e+00
  -2.746182e+00  -2.685872e+00  -2.551357e+00  -2.471460e+00  -2.383519e+00  -2.248732e+00  -2.148734e+00  -2.018017e+00  -1.905045e+00  -1.766062e+00  -1.641550e+00  -1.513544e+00  -1.358044e+00  -1.178939e+00  -9.745017e-01  -7.481956e-01  -5.052635e-01  -2.508621e-01   1.074494e-02   2.783281e-01   1.176091e+00   1.176091e+00   1.176091e+00   1.176091e+00   1.176091e+00   1.176091e+00   1.176091e+00   1.176091e+00   1.176091e+00
  -2.770379e+00  -2.714672e+00  -2.582658e+00  -2.507939e+00  -2.424391e+00  -2.290771e+00  -2.195555e+00  -2.067456e+00  -1.961436e+00  -1.832055e+00  -1.707105e+00  -1.583459e+00  -1.446120e+00  -1.295498e+00  -1.111354e+00  -9.036616e-01  -6.769128e-01  -4.326308e-01  -1.777157e-01   8.498385e-02   3.526433e-01   1.176091e+00   1.176091e+00   1.176091e+00   1.176091e+00   1.176091e+00   1.176091e+00   1.176091e+00   1.176091e+00
  -2.791955e+00  -2.740393e+00  -2.612027e+00  -2.541286e+00  -2.462602e+00  -2.329577e+00  -2.239241e+00  -2.113682e+00  -2.012276e+00  -1.888599e+00  -1.773980e+00  -1.649637e+00  -1.517066e+00  -1.387124e+00  -1.227463e+00  -1.046171e+00  -8.372905e-01  -6.069895e-01  -3.603281e-01  -1.045600e-01   1.590765e-01   1.176091e+00   1.176091e+00   1.176091e+00   1.176091e+00   1.176091e+00   1.176091e+00   1.176091e+00   1.176091e+00
  -2.812108e+00  -2.764566e+00  -2.639456e+00  -2.572472e+00  -2.497626e+00  -2.366240e+00  -2.279448e+00  -2.156250e+00  -2.059627e+00  -1.938303e+00  -1.832282e+00  -1.715745e+00  -1.582503e+00  -1.457018e+00  -1.322878e+00  -1.164850e+00  -9.776535e-01  -7.664528e-01  -5.343719e-01  -2.880488e-01  -3.086611e-02   2.331795e-01   1.176091e+00   1.176091e+00   1.176091e+00   1.176091e+00   1.176091e+00   1.176091e+00   1.176091e+00
  -2.830077e+00  -2.786458e+00  -2.665355e+00  -2.601376e+00  -2.530541e+00  -2.400575e+00  -2.317240e+00  -2.195396e+00  -2.102834e+00  -1.984830e+00  -1.883583e+00  -1.775813e+00  -1.646951e+00  -1.524934e+00  -1.393651e+00  -1.260837e+00  -1.101687e+00  -9.103435e-01  -6.966436e-01  -4.634145e-01  -2.151717e-01   4.285223e-02   3.072063e-01   1.176091e+00   1.176091e+00   1.176091e+00   1.176091e+00   1.176091e+00   1.176091e+00
  -2.846723e+00  -2.806505e+00  -2.689231e+00  -2.629016e+00  -2.561224e+00  -2.433416e+00  -2.352889e+00  -2.231963e+00  -2.143048e+00  -2.027112e+00  -1.929707e+00  -1.827542e+00  -1.707763e+00  -1.589739e+00  -1.460092e+00  -1.336169e+00  -1.200715e+00  -1.033984e+00  -8.440757e-01  -6.270615e-01  -3.921467e-01  -1.428112e-01   1.161943e-01   1.176091e+00   1.176091e+00   1.176091e+00   1.176091e+00   1.176091e+00   1.176091e+00
  -2.861765e+00  -2.825016e+00  -2.711567e+00  -2.654840e+00  -2.590329e+00  -2.463606e+00  -2.386992e+00  -2.266172e+00  -2.180583e+00  -2.066450e+00  -1.973025e+00  -1.874455e+00  -1.758109e+00  -1.650695e+00  -1.524513e+00  -1.403123e+00  -1.277290e+00  -1.137428e+00  -9.701123e-01  -7.746592e-01  -5.570450e-01  -3.199057e-01  -6.975902e-02   1.899433e-01   1.176091e+00   1.176091e+00   1.176091e+00   1.176091e+00   1.176091e+00
  -2.875415e+00  -2.842091e+00  -2.732608e+00  -2.678764e+00  -2.617944e+00  -2.492507e+00  -2.418573e+00  -2.298792e+00  -2.215976e+00  -2.103194e+00  -2.013379e+00  -1.919055e+00  -1.805170e+00  -1.701705e+00  -1.585176e+00  -1.466438e+00  -1.344791e+00  -1.215743e+00  -1.074162e+00  -9.051056e-01  -7.069610e-01  -4.871144e-01  -2.482224e-01   3.294365e-03   2.635962e-01   1.176091e+00   1.176091e+00   1.176091e+00   1.176091e+00
  -2.887913e+00  -2.857275e+00  -2.752407e+00  -2.701520e+00  -2.643642e+00  -2.519916e+00  -2.448695e+00  -2.329919e+00  -2.249483e+00  -2.137779e+00  -2.050456e+00  -1.959497e+00  -1.848354e+00  -1.750022e+00  -1.636177e+00  -1.527944e+00  -1.408260e+00  -1.281112e+00  -1.157639e+00  -1.011473e+00  -8.380404e-01  -6.387429e-01  -4.172008e-01  -1.767773e-01   7.621487e-02   1.176091e+00   1.176091e+00   1.176091e+00   1.176091e+00
  -2.899175e+00  -2.871405e+00  -2.770667e+00  -2.723133e+00  -2.668025e+00  -2.545544e+00  -2.477437e+00  -2.359523e+00  -2.281372e+00  -2.170138e+00  -2.085900e+00  -1.997567e+00  -1.888593e+00  -1.793417e+00  -1.683731e+00  -1.579754e+00  -1.470877e+00  -1.344942e+00  -1.223256e+00  -1.094527e+00  -9.495578e-01  -7.727540e-01  -5.708167e-01  -3.461949e-01  -1.046705e-01   1.492999e-01   1.176091e+00   1.176091e+00   1.176091e+00
  -2.909322e+00  -2.883996e+00  -2.788013e+00  -2.742823e+00  -2.691363e+00  -2.570848e+00  -2.504268e+00  -2.387747e+00  -2.311724e+00  -2.201260e+00  -2.119049e+00  -2.033406e+00  -1.925788e+00  -1.833990e+00  -1.727271e+00  -1.627680e+00  -1.523672e+00  -1.407285e+00  -1.285661e+00  -1.161315e+00  -1.036151e+00  -8.842894e-01  -7.063109e-01  -5.022214e-01  -2.758622e-01  -3.232930e-02   2.227135e-01   1.176091e+00   1.176091e+00
  -2.918564e+00  -2.895567e+00  -2.804002e+00  -2.761745e+00  -2.712658e+00  -2.594764e+00  -2.530616e+00  -2.414436e+00  -2.340947e+00  -2.230573e+00  -2.150751e+00  -2.067291e+00  -1.960809e+00  -1.871933e+00  -1.767224e+00  -1.672261e+00  -1.571849e+00  -1.461101e+00  -1.349277e+00  -1.225169e+00  -1.102936e+00  -9.729616e-01  -8.222205e-01  -6.408964e-01  -4.331719e-01  -2.046329e-01   3.980607e-02   1.176091e+00   1.176091e+00
  -2.926911e+00  -2.906143e+00  -2.818975e+00  -2.779268e+00  -2.733318e+00  -2.617269e+00  -2.555576e+00  -2.440322e+00  -2.368810e+00  -2.258995e+00  -2.180770e+00  -2.099679e+00  -1.993925e+00  -1.907731e+00  -1.804530e+00  -1.712609e+00  -1.617187e+00  -1.508768e+00  -1.405311e+00  -1.287814e+00  -1.167599e+00  -1.041995e+00  -9.140214e-01  -7.572751e-01  -5.737628e-01  -3.642527e-01  -1.337193e-01   1.124147e-01   1.176091e+00
  -2.934328e+00  -2.915577e+00  -2.833057e+00  -2.795904e+00  -2.752450e+00  -2.638571e+00  -2.579761e+00  -2.464932e+00  -2.395538e+00  -2.286309e+00  -2.209991e+00  -2.130220e+00  -2.025495e+00  -1.941216e+00  -1.839513e+00  -1.750681e+00  -1.658013e+00  -1.553281e+00  -1.453275e+00  -1.344141e+00  -1.230218e+00  -1.107496e+00  -9.841214e-01  -8.539667e-01  -6.950110e-01  -5.082710e-01  -2.950017e-01  -6.276687e-02   1.850281e-01
  -2.941040e+00  -2.924076e+00  -2.845914e+00  -2.811069e+00  -2.770276e+00  -2.659001e+00  -2.602431e+00  -2.488651e+00  -2.421306e+00  -2.312334e+00  -2.238009e+00  -2.159846e+00  -2.055412e+00  -1.973083e+00  -1.872689e+00  -1.785890e+00  -1.696271e+00  -1.594211e+00  -1.497749e+00  -1.391727e+00  -1.288031e+00  -1.169171e+00  -1.049775e+00  -9.271851e-01  -7.913738e-01  -6.302977e-01  -4.401069e-01  -2.258976e-01   8.679590e-03
  -2.947142e+00  -2.931861e+00  -2.857892e+00  -2.825626e+00  -2.787106e+00  -2.678779e+00  -2.623938e+00  -2.511334e+00  -2.446002e+00  -2.337772e+00  -2.264889e+00  -2.188691e+00  -2.084142e+00  -2.003861e+00  -1.904075e+00  -1.819527e+00  -1.731963e+00  -1.632256e+00  -1.539441e+00  -1.436706e+00  -1.335810e+00  -1.227751e+00  -1.112015e+00  -9.916092e-01  -8.677868e-01  -7.304762e-01  -5.654492e-01  -3.732159e-01  -1.560285e-01
  -2.952490e+00  -2.938877e+00  -2.869246e+00  -2.838901e+00  -2.802958e+00  -2.697282e+00  -2.644938e+00  -2.533533e+00  -2.469449e+00  -2.361896e+00  -2.290794e+00  -2.216164e+00  -2.111710e+00  -2.032914e+00  -1.934144e+00  -1.851229e+00  -1.765980e+00  -1.667593e+00  -1.577627e+00  -1.477805e+00  -1.380977e+00  -1.276054e+00  -1.170789e+00  -1.054288e+00  -9.320125e-01  -8.082153e-01  -6.695564e-01  -5.010937e-01  -3.061091e-01
  -2.957397e+00  -2.945110e+00  -2.879618e+00  -2.851286e+00  -2.817685e+00  -2.714926e+00  -2.664804e+00  -2.554734e+00  -2.492803e+00  -2.385267e+00  -2.315750e+00  -2.242676e+00  -2.138446e+00  -2.061065e+00  -1.962719e+00  -1.881615e+00  -1.798206e+00  -1.701014e+00  -1.613449e+00  -1.516154e+00  -1.422980e+00  -1.321381e+00  -1.220393e+00  -1.113677e+00  -9.938380e-01  -8.741084e-01  -7.497141e-01  -6.065435e-01  -4.362976e-01
  -2.961742e+00  -2.950659e+00  -2.889237e+00  -2.862910e+00  -2.831615e+00  -2.731827e+00  -2.683624e+00  -2.575313e+00  -2.515191e+00  -2.408032e+00  -2.340048e+00  -2.268568e+00  -2.164220e+00  -2.088127e+00  -1.990127e+00  -1.910524e+00  -1.828770e+00  -1.732603e+00  -1.647532e+00  -1.551650e+00  -1.461518e+00  -1.363031e+00  -1.265809e+00  -1.163919e+00  -1.054639e+00  -9.357277e-01  -8.145529e-01  -6.907076e-01  -5.448710e-01
  -2.965664e+00  -2.955730e+00  -2.898103e+00  -2.873724e+00  -2.844422e+00  -2.747737e+00  -2.702131e+00  -2.594968e+00  -2.536551e+00  -2.430062e+00  -2.363401e+00  -2.293279e+00  -2.189279e+00  -2.114386e+00  -2.016651e+00  -1.938417e+00  -1.858179e+00  -1.762933e+00  -1.679255e+00  -1.585312e+00  -1.497454e+00  -1.401823e+00  -1.308048e+00  -1.210160e+00  -1.105039e+00  -9.972095e-01  -8.760599e-01  -7.558376e-01  -6.307275e-01
  -2.969118e+00  -2.960274e+00  -2.906385e+00  -2.883771e+00  -2.856511e+00  -2.763198e+00  -2.719326e+00  -2.613712e+00  -2.557192e+00  -2.451242e+00  -2.386060e+00  -2.317368e+00  -2.213629e+00  -2.139998e+00  -2.042318e+00  -1.965224e+00  -1.886348e+00  -1.791695e+00  -1.709705e+00  -1.616839e+00  -1.531321e+00  -1.437484e+00  -1.346843e+00  -1.253123e+00  -1.151349e+00  -1.049290e+00  -9.377237e-01  -8.187986e-01  -6.981640e-01
  -2.972197e+00  -2.964294e+00  -2.913972e+00  -2.893052e+00  -2.867642e+00  -2.777507e+00  -2.735732e+00  -2.631918e+00  -2.577197e+00  -2.471691e+00  -2.408110e+00  -2.340822e+00  -2.237225e+00  -2.164740e+00  -2.066922e+00  -1.991099e+00  -1.913544e+00  -1.819491e+00  -1.738834e+00  -1.646969e+00  -1.563243e+00  -1.471061e+00  -1.383294e+00  -1.292147e+00  -1.194355e+00  -1.095696e+00  -9.915335e-01  -8.801800e-01  -7.611634e-01
  -2.974964e+00  -2.967885e+00  -2.921024e+00  -2.901649e+00  -2.877970e+00  -2.791238e+00  -2.751435e+00  -2.649525e+00  -2.596275e+00  -2.491737e+00  -2.429465e+00  -2.363545e+00  -2.260150e+00  -2.188809e+00  -2.091025e+00  -2.016402e+00  -1.939776e+00  -1.845955e+00  -1.766676e+00  -1.675857e+00  -1.593640e+00  -1.502924e+00  -1.417270e+00  -1.329053e+00  -1.233763e+00  -1.139235e+00  -1.037980e+00  -9.354895e-01  -8.223954e-01
  -2.977367e+00  -2.971119e+00  -2.927391e+00  -2.909598e+00  -2.887655e+00  -2.804177e+00  -2.766286e+00  -2.666375e+00  -2.615019e+00  -2.511425e+00  -2.450193e+00  -2.385434e+00  -2.282576e+00  -2.212290e+00  -2.114552e+00  -2.040751e+00  -1.965320e+00  -1.871894e+00  -1.793810e+00  -1.703270e+00  -1.622546e+00  -1.533012e+00  -1.449325e+00  -1.363080e+00  -1.270389e+00  -1.179010e+00  -1.081356e+00  -9.824226e-01  -8.795066e-01
  -2.979549e+00  -2.973995e+00  -2.933401e+00  -2.916837e+00  -2.896654e+00  -2.816449e+00  -2.780496e+00  -2.682408e+00  -2.632907e+00  -2.530230e+00  -2.470412e+00  -2.407211e+00  -2.304026e+00  -2.235215e+00  -2.137470e+00  -2.064740e+00  -1.990088e+00  -1.896891e+00  -1.819895e+00  -1.729847e+00  -1.650331e+00  -1.561996e+00  -1.479534e+00  -1.395391e+00  -1.304552e+00  -1.216002e+00  -1.121405e+00  -1.026029e+00  -9.266871e-01
  -2.981480e+00  -2.976570e+00  -2.938854e+00  -2.923704e+00  -2.904871e+00  -2.828103e+00  -2.793980e+00  -2.698182e+00  -2.650065e+00  -2.548432e+00  -2.490182e+00  -2.428069e+00  -2.325237e+00  -2.257386e+00  -2.159759e+00  -2.087985e+00  -2.014162e+00  -1.921057e+00  -1.845111e+00  -1.755640e+00  -1.677163e+00  -1.589377e+00  -1.508565e+00  -1.426032e+00  -1.336780e+00  -1.250348e+00  -1.158359e+00  -1.066494e+00  -9.711303e-01
  -2.983189e+00  -2.978811e+00  -2.943904e+00  -2.929878e+00  -2.912578e+00  -2.839042e+00  -2.806846e+00  -2.713203e+00  -2.666997e+00  -2.566171e+00  -2.509465e+00  -2.448812e+00  -2.345835e+00  -2.279034e+00  -2.181555e+00  -2.110562e+00  -2.037752e+00  -1.944678e+00  -1.869529e+00  -1.780372e+00  -1.702970e+00  -1.615968e+00  -1.536307e+00  -1.455308e+00  -1.367209e+00  -1.282921e+00  -1.192951e+00  -1.103828e+00  -1.011711e+00
  -2.984656e+00  -2.980832e+00  -2.948493e+00  -2.935639e+00  -2.919660e+00  -2.849473e+00  -2.818839e+00  -2.727559e+00  -2.682929e+00  -2.583404e+00  -2.527891e+00  -2.468541e+00  -2.365718e+00  -2.300222e+00  -2.202785e+00  -2.132681e+00  -2.060797e+00  -1.967582e+00  -1.893315e+00  -1.804418e+00  -1.728128e+00  -1.641538e+00  -1.563041e+00  -1.483083e+00  -1.396329e+00  -1.313552e+00  -1.225437e+00  -1.138731e+00  -1.049410e+00
  -2.985993e+00  -2.982601e+00  -2.952744e+00  -2.940932e+00  -2.926265e+00  -2.859155e+00  -2.830244e+00  -2.741537e+00  -2.698289e+00  -2.599987e+00  -2.545869e+00  -2.488139e+00  -2.385494e+00  -2.320776e+00  -2.223493e+00  -2.154375e+00  -2.083295e+00  -1.990013e+00  -1.916509e+00  -1.827860e+00  -1.752309e+00  -1.666328e+00  -1.588701e+00  -1.510045e+00  -1.424018e+00  -1.342878e+00  -1.256118e+00  -1.171414e+00  -1.084477e+00
  -2.987160e+00  -2.984183e+00  -2.956583e+00  -2.945739e+00  -2.932283e+00  -2.868389e+00  -2.841017e+00  -2.754494e+00  -2.713179e+00  -2.616356e+00  -2.563412e+00  -2.506753e+00  -2.404568e+00  -2.341012e+00  -2.243628e+00  -2.175532e+00  -2.105302e+00  -2.011820e+00  -1.939202e+00  -1.850632e+00  -1.775901e+00  -1.690245e+00  -1.613563e+00  -1.536053e+00  -1.450748e+00  -1.370714e+00  -1.285225e+00  -1.202443e+00  -1.117538e+00
  -2.988179e+00  -2.985589e+00  -2.960182e+00  -2.950272e+00  -2.937844e+00  -2.877010e+00  -2.851198e+00  -2.767283e+00  -2.727592e+00  -2.632068e+00  -2.580654e+00  -2.525106e+00  -2.423327e+00  -2.360648e+00  -2.263569e+00  -2.196312e+00  -2.126791e+00  -2.033209e+00  -1.961281e+00  -1.872758e+00  -1.798837e+00  -1.713537e+00  -1.637878e+00  -1.560955e+00  -1.476461e+00  -1.397532e+00  -1.313134e+00  -1.231621e+00  -1.148669e+00
  -2.989065e+00  -2.986798e+00  -2.963450e+00  -2.954348e+00  -2.942947e+00  -2.885119e+00  -2.860953e+00  -2.779461e+00  -2.741142e+00  -2.647049e+00  -2.597208e+00  -2.543070e+00  -2.441603e+00  -2.380073e+00  -2.282890e+00  -2.216344e+00  -2.147907e+00  -2.054333e+00  -1.982995e+00  -1.894560e+00  -1.821369e+00  -1.736202e+00  -1.661244e+00  -1.585259e+00  -1.501188e+00  -1.423531e+00  -1.339904e+00  -1.259766e+00  -1.178220e+00
