# New G.A.S. format
# In this file, each line of the header is starting by #
#    data are saved after the keyword START
# Number of largest structures initializing the gas inertial cascade
# 
# This data file has build as follow:
# nAccRateBins nDiscScaleBins
# dlogAccRate dlogDiscScale
# List of Accretion rates (in log) [Msun/yr]  : AccRateBins
# List of disc scale (in log) [kpc] : DiscScaleBins
# A blank line starting with # 
# And for each following data line (i: nDiscScaleBins index): Ngc(i,1:nAccRateBins) in Gyr
START
36  29
0.2  0.125
-2.0  -1.8  -1.6  -1.4  -1.2  -1.0  -0.8  -0.6  -0.4  -0.2  0.0  0.2  0.4  0.6  0.8  1.0  1.2  1.4  1.6  1.8  2.0  2.2  2.4  2.6  2.8  3.0  3.2  3.4  3.6  3.8  4.0  4.2  4.4  4.6  4.8  5.0
-3.0  -2.875  -2.75  -2.625  -2.5  -2.375  -2.25  -2.125  -2.0  -1.875  -1.75  -1.625  -1.5  -1.375  -1.25  -1.125  -1.0  -0.875  -0.75  -0.625  -0.5  -0.375  -0.25  -0.125  0.0  0.125  0.25  0.375  0.5
#
       89       53       32       19       11        7        4        2        1        1        1        1        1        1        1        1        1        1        1        1        1        1        1        1        1        1        1        1        1
      142       85       50       30       18       10        6        4        2        1        1        1        1        1        1        1        1        1        1        1        1        1        1        1        1        1        1        1        1
      225      134       80       48       28       17       10        6        3        2        1        1        1        1        1        1        1        1        1        1        1        1        1        1        1        1        1        1        1
      356      212      126       75       45       27       16        9        6        3        2        1        1        1        1        1        1        1        1        1        1        1        1        1        1        1        1        1        1
      564      336      200      119       71       42       25       15        9        5        3        2        1        1        1        1        1        1        1        1        1        1        1        1        1        1        1        1        1
      895      533      318      189      113       67       40       24       14        9        5        3        1        1        1        1        1        1        1        1        1        1        1        1        1        1        1        1        1
     1418      845      503      300      178      106       63       38       22       13        8        5        3        1        1        1        1        1        1        1        1        1        1        1        1        1        1        1        1
     2247     1339      798      475      283      169      100       60       36       21       12        8        4        2        1        1        1        1        1        1        1        1        1        1        1        1        1        1        1
     3561     2121     1264      753      449      267      159       95       57       34       20       12        7        4        2        1        1        1        1        1        1        1        1        1        1        1        1        1        1
     5645     3362     2004     1194      711      423      253      150       89       53       32       19       11        7        4        2        1        1        1        1        1        1        1        1        1        1        1        1        1
     8946     5329     3176     1892     1127      671      400      238      142       85       50       30       18       10        6        4        2        1        1        1        1        1        1        1        1        1        1        1        1
    14179     8446     5034     2998     1786     1064      634      378      225      134       80       48       28       17       10        6        3        2        1        1        1        1        1        1        1        1        1        1        1
    22472    13386     7978     4752     2830     1687     1004      599      356      212      127       76       45       27       16        9        6        3        2        1        1        1        1        1        1        1        1        1        1
    35617    21215    12644     7532     4486     2673     1592      949      565      336      200      119       71       42       25       15        9        5        3        2        1        1        1        1        1        1        1        1        1
    56448    33625    20039    11937     7110     4237     2524     1504      896      533      318      189      113       67       40       24       14        9        5        3        1        1        1        1        1        1        1        1        1
    89462    53291    31762    18919    11269     6715     4000     2383     1419      846      504      300      179      107       63       38       22       13        8        5        3        1        1        1        1        1        1        1        1
   141792    84461    50338    29985    17861    10642     6339     3777     2250     1340      798      475      283      168      100       60       36       21       12        8        4        2        1        1        1        1        1        1        1
   224726   133862    79782    47523    28307    16867    10047     5986     3566     2124     1265      754      449      267      159       95       57       34       20       12        7        4        2        1        1        1        1        1        1
   356165   212156   126446    75317    44864    26733    15924     9487     5651     3366     2005     1194      711      424      253      150       89       53       32       19       11        7        4        2        1        1        1        1        1
   564490   336227   200405   119370    71102    42368    25238    15036     8956     5336     3178     1893     1128      672      400      238      142       85       50       30       18       10        6        4        2        1        1        1        1
   894611   532899   317605   189191   112695    67149    39999    23831    14195     8456     5037     3000     1787     1065      634      378      225      134       80       48       28       17       10        6        3        2        1        1        1
  1417906   844584   503392   299846   178608   106427    63393    37769    22498    13403     7983     4755     2833     1688     1005      599      357      212      127       75       45       27       16        9        6        3        2        1        1
  2247194  1338609   797816   475216   283077   168674   100474    59860    35656    21242    12653     7537     4490     2675     1593      949      565      336      200      119       71       42       25       15        9        5        3        2        1
  3561617  2121471  1264441   753191   448628   267333   159235    94873    56511    33666    20054    11945     7116     4239     2525     1504      896      534      318      189      113       67       40       24       14        9        5        3        1
  5644709  3362403  2003936  1193686   711040   423692   252372   150364    89567    53358    31784    18932    11278     6718     4002     2384     1420      846      504      300      179      107       63       38       22       13        8        5        3
  8946268  5329039  3176149  1891853  1126931   671510   399980   238311   141950    84568    50373    30006    17875    10647     6343     3778     2251     1341      799      475      283      168      100       60       36       21       12        8        4
 14179214  8445967  5033777  2998470  1786050  1064252   633946   377696   224980   134030    79836    47556    28330    16875    10052     5988     3567     2125     1266      754      449      267      159       95       57       34       20       12        7
 22471776 13385731  7978096  4752170  2830652  1686709  1004733   598601   356561   212424   126531    75371    44900    26745    15932     9490     5653     3367     2006     1195      712      424      253      150       89       53       31       19       11
 35616637 21215644 12644644  7531838  4486394  2673250  1592365   948716   565112   336673   200544   119454    71162    42388    25251    15041     8959     5337     3179     1894     1128      672      400      238      142       85       50       30       18
 56446353 33622775 20040324 11937146  7110468  4236865  2523778  1503647   895663   533590   317839   189325   112783    67182    40020    23838    14200     8458     5038     3001     1788     1065      634      378      225      134       80       48       28
 89463886 53289853 31761009 18919216 11269012  6715080  3999817  2383092  1419541   845668   503729   300060   178751   106473    63427    37781    22504    13406     7985     4757     2833     1688     1005      599      356      212      127       75       45
 99999999 84461949 50337722 29984500 17860963 10642337  6339308  3776886  2249742  1340293   798362   475552   283295   168749   100524    59878    35668    21247    12656     7539     4491     2675     1593      949      565      337      200      119       71
 99999999 99999999 79778256 47523462 28306366 16867107 10047122  5985994  3565592  2124247  1265348   753700   448995   267452   159320    94902    56530    33674    20058    11948     7117     4240     2525     1504      896      534      318      189      113
 99999999 99999999 99999999 75316882 44864632 26733086 15923387  9487424  5651219  3366730  2005408  1194549   711619   423878   252506   150409    89593    53370    31790    18937    11280     6719     4002     2384     1420      846      504      300      178
 99999999 99999999 99999999 99999999 71103427 42369180 25237758 15036092  8956650  5335831  3178383  1893202  1127831   671807   400195   238380   141997    84585    50385    30013    17878    10649     6343     3779     2251     1341      799      476      283
 99999999 99999999 99999999 99999999 99999999 67150171 39999265 23831148 14195431  8456746  5037362  3000609  1787475  1064735   634274   377811   225046   134062    79854    47568    28334    16878    10053     5988     3567     2125     1266      754      449
