# New G.A.S. format
# In this file, each line of the header is starting by #
#    data are saved after the keyword START
# Gas emptying timescale, computed from inertial cascade
# 
# This data file has build as follow:
# nAccRateBins nDiscScaleBins
# dlogAccRate dlogDiscScale
# List of Accretion rates (in log) [Msun/yr]  : AccRateBins
# List of disc scale (in log) [kpc] : DiscScaleBins
# A blank line starting with # 
# And for each following data line (i: nDiscScaleBins index): logt_str(i,1:nAccRateBins) in Gyr
START
36  29
0.2  0.125
-2.0  -1.8  -1.6  -1.4  -1.2  -1.0  -0.8  -0.6  -0.4  -0.2  0.0  0.2  0.4  0.6  0.8  1.0  1.2  1.4  1.6  1.8  2.0  2.2  2.4  2.6  2.8  3.0  3.2  3.4  3.6  3.8  4.0  4.2  4.4  4.6  4.8  5.0
-3.0  -2.875  -2.75  -2.625  -2.5  -2.375  -2.25  -2.125  -2.0  -1.875  -1.75  -1.625  -1.5  -1.375  -1.25  -1.125  -1.0  -0.875  -0.75  -0.625  -0.5  -0.375  -0.25  -0.125  0.0  0.125  0.25  0.375  0.5
#
  -1.427500e+00  -1.385620e+00  -1.228040e+00  -1.214170e+00  -1.161410e+00  -1.032620e+00  -9.630600e-01  -8.524400e-01  -7.542300e-01  -7.284500e-01  -4.543700e-01  -1.791100e-01   1.413200e-01   4.163000e-01   7.326600e-01   1.007660e+00   1.282650e+00   1.595440e+00   1.870430e+00   2.180190e+00   2.455190e+00   2.762380e+00   3.037370e+00   3.312380e+00   3.617340e+00   3.892360e+00   4.195360e+00   4.470370e+00   4.745360e+00
  -1.433650e+00  -1.347640e+00  -1.257880e+00  -1.175980e+00  -1.172540e+00  -1.055100e+00  -1.011510e+00  -8.294900e-01  -7.778800e-01  -6.279500e-01  -6.536700e-01  -3.793700e-01  -5.853000e-02   2.163300e-01   5.327000e-01   8.076600e-01   1.082660e+00   1.395440e+00   1.670430e+00   1.980190e+00   2.255190e+00   2.562380e+00   2.837370e+00   3.112370e+00   3.417340e+00   3.692350e+00   3.995390e+00   4.270360e+00   4.545360e+00
  -1.358610e+00  -1.357950e+00  -1.218440e+00  -1.202380e+00  -1.159230e+00  -1.051700e+00  -9.762700e-01  -8.835900e-01  -8.494200e-01  -6.517000e-01  -5.531200e-01  -5.790400e-01  -2.586200e-01   1.709000e-02   3.327200e-01   6.077200e-01   8.826700e-01   1.195450e+00   1.470440e+00   1.780190e+00   2.055190e+00   2.362380e+00   2.637380e+00   2.912380e+00   3.217340e+00   3.492340e+00   3.795370e+00   4.070390e+00   4.345370e+00
  -1.344430e+00  -1.280620e+00  -1.259160e+00  -1.141830e+00  -1.166760e+00  -1.051910e+00  -9.990300e-01  -8.878900e-01  -8.078600e-01  -7.256600e-01  -5.763800e-01  -4.780800e-01  -4.582500e-01  -1.836100e-01   1.327400e-01   4.080600e-01   6.827000e-01   9.954500e-01   1.270450e+00   1.580200e+00   1.855200e+00   2.162380e+00   2.437380e+00   2.712380e+00   3.017340e+00   3.292340e+00   3.595370e+00   3.870370e+00   4.145390e+00
  -1.362400e+00  -1.315180e+00  -1.190510e+00  -1.187690e+00  -1.172800e+00  -1.045960e+00  -9.733900e-01  -8.926400e-01  -8.499100e-01  -7.489900e-01  -6.511600e-01  -5.000800e-01  -3.569400e-01  -3.834400e-01  -6.722000e-02   2.077200e-01   4.827100e-01   7.954800e-01   1.070450e+00   1.380210e+00   1.655200e+00   1.962380e+00   2.237380e+00   2.512380e+00   2.817360e+00   3.092340e+00   3.395360e+00   3.670370e+00   3.945380e+00
  -1.329170e+00  -1.313360e+00  -1.121310e+00  -1.186280e+00  -1.145200e+00  -1.017070e+00  -9.790400e-01  -8.875500e-01  -8.460800e-01  -7.261000e-01  -6.741600e-01  -5.761100e-01  -5.524500e-01  -2.817300e-01  -2.670700e-01   7.840000e-03   2.831800e-01   5.954900e-01   8.704800e-01   1.180210e+00   1.455210e+00   1.762380e+00   2.037380e+00   2.312380e+00   2.617340e+00   2.892340e+00   3.195370e+00   3.470360e+00   3.745380e+00
  -1.290550e+00  -1.279840e+00  -1.146400e+00  -1.163560e+00  -1.101720e+00  -1.008360e+00  -9.772800e-01  -8.958700e-01  -8.482800e-01  -7.476300e-01  -6.959400e-01  -5.971500e-01  -4.546600e-01  -4.811100e-01  -1.663500e-01  -1.921300e-01   8.278000e-02   3.955500e-01   6.704900e-01   9.806500e-01   1.255210e+00   1.562390e+00   1.837380e+00   2.112380e+00   2.417340e+00   2.692370e+00   2.995370e+00   3.270360e+00   3.545370e+00
  -1.194410e+00  -1.200000e+00  -1.148060e+00  -1.085450e+00  -1.053120e+00  -9.397100e-01  -9.734500e-01  -8.508900e-01  -8.324900e-01  -7.401400e-01  -6.959200e-01  -6.209800e-01  -5.534200e-01  -5.032300e-01  -3.652600e-01  -9.963000e-02  -1.171800e-01   1.955800e-01   4.705200e-01   7.802400e-01   1.055210e+00   1.362390e+00   1.637390e+00   1.912380e+00   2.217350e+00   2.492340e+00   2.795370e+00   3.070370e+00   3.345370e+00
  -1.178990e+00  -1.180810e+00  -1.122370e+00  -1.059350e+00  -1.098980e+00  -9.990200e-01  -9.573600e-01  -8.859600e-01  -8.236600e-01  -7.115600e-01  -6.651300e-01  -6.205700e-01  -5.504100e-01  -4.824900e-01  -3.886500e-01  -2.907300e-01  -3.162400e-01  -3.670000e-03   2.705700e-01   5.802800e-01   8.552500e-01   1.162400e+00   1.437370e+00   1.712390e+00   2.017340e+00   2.292340e+00   2.595370e+00   2.870370e+00   3.145370e+00
  -1.068440e+00  -1.050320e+00  -1.073920e+00  -1.069220e+00  -1.059900e+00  -9.655100e-01  -9.007300e-01  -8.316000e-01  -8.231300e-01  -7.329100e-01  -6.537300e-01  -6.393500e-01  -5.398200e-01  -4.777600e-01  -3.667900e-01  -3.141500e-01  -2.159200e-01  -2.034900e-01   7.054000e-02   3.808600e-01   6.552800e-01   9.624400e-01   1.237400e+00   1.512390e+00   1.817380e+00   2.092350e+00   2.395370e+00   2.670370e+00   2.945370e+00
  -1.120260e+00  -1.063580e+00  -1.048210e+00  -9.973800e-01  -9.248200e-01  -9.305300e-01  -9.204100e-01  -8.535800e-01  -8.139500e-01  -7.083800e-01  -6.834300e-01  -5.987600e-01  -5.496100e-01  -4.992200e-01  -4.149000e-01  -2.912000e-01  -2.396200e-01  -1.030200e-01  -1.285000e-01   1.803200e-01   4.554400e-01   7.624400e-01   1.037440e+00   1.312400e+00   1.617350e+00   1.892350e+00   2.195370e+00   2.470370e+00   2.745370e+00
  -1.198190e+00  -1.157550e+00  -1.005460e+00  -9.831300e-01  -9.894100e-01  -9.328200e-01  -9.113300e-01  -7.829700e-01  -7.618300e-01  -7.081100e-01  -6.493000e-01  -6.296300e-01  -5.374500e-01  -4.968900e-01  -3.801400e-01  -3.452200e-01  -3.108600e-01  -1.266400e-01  -2.819000e-02  -1.927000e-02   2.553300e-01   5.636100e-01   8.374600e-01   1.112440e+00   1.417360e+00   1.692360e+00   1.995380e+00   2.270380e+00   2.545380e+00
  -1.311080e+00  -1.031360e+00  -1.032070e+00  -9.630000e-01  -9.390300e-01  -9.051000e-01  -8.325800e-01  -8.055300e-01  -7.577000e-01  -6.662000e-01  -6.699900e-01  -5.805800e-01  -5.449100e-01  -4.976000e-01  -4.026500e-01  -3.491600e-01  -2.695300e-01  -2.006300e-01  -5.140000e-02   8.163000e-02   5.570000e-02   3.625000e-01   6.374400e-01   9.130800e-01   1.217380e+00   1.492360e+00   1.795390e+00   2.070370e+00   2.345380e+00
  -1.127270e+00  -9.721800e-01  -1.007220e+00  -9.994000e-01  -9.227200e-01  -8.898300e-01  -8.452300e-01  -7.079600e-01  -7.589400e-01  -6.638400e-01  -6.071600e-01  -6.148600e-01  -5.504600e-01  -4.896100e-01  -3.757000e-01  -3.541700e-01  -3.114800e-01  -2.240500e-01  -1.262100e-01   5.949000e-02   1.570600e-01   1.626800e-01   4.374700e-01   7.124500e-01   1.017400e+00   1.292410e+00   1.595390e+00   1.870380e+00   2.145380e+00
  -1.299880e+00  -1.258400e+00  -1.177910e+00  -1.044380e+00  -9.151200e-01  -8.240800e-01  -8.128100e-01  -7.976000e-01  -7.473500e-01  -6.782900e-01  -5.925900e-01  -6.081600e-01  -5.194700e-01  -4.627300e-01  -3.834000e-01  -3.493000e-01  -3.078400e-01  -2.012200e-01  -1.491300e-01  -1.641000e-02  -3.817000e-02   2.644800e-01   2.376300e-01   5.125900e-01   8.180600e-01   1.092400e+00   1.395430e+00   1.670390e+00   1.945390e+00
  -1.315760e+00  -1.280840e+00  -1.208140e+00  -9.314300e-01  -8.813500e-01  -8.847200e-01  -8.653000e-01  -7.678000e-01  -7.182500e-01  -6.819100e-01  -6.118000e-01  -5.904400e-01  -5.053500e-01  -4.607100e-01  -3.850700e-01  -3.570600e-01  -3.100700e-01  -2.227900e-01  -1.708600e-01  -3.779000e-02   5.905000e-02   6.503000e-02   3.381600e-01   3.125300e-01   6.174700e-01   8.924600e-01   1.195420e+00   1.471060e+00   1.745390e+00
  -1.153790e+00  -1.213220e+00  -1.198030e+00  -1.128250e+00  -1.114410e+00  -9.709100e-01  -8.444000e-01  -8.207400e-01  -7.440400e-01  -7.008100e-01  -6.405600e-01  -5.653200e-01  -4.908500e-01  -4.397500e-01  -3.866900e-01  -3.312500e-01  -2.946400e-01  -2.148800e-01  -1.708000e-01  -6.133000e-02  -3.919000e-02   4.324000e-02   1.393700e-01   3.936100e-01   4.175700e-01   6.926500e-01   9.954500e-01   1.270420e+00   1.545390e+00
  -1.095980e+00  -1.250350e+00  -1.154960e+00  -1.051760e+00  -1.116320e+00  -9.670700e-01  -8.745900e-01  -7.827800e-01  -7.744600e-01  -6.815900e-01  -6.453100e-01  -5.871600e-01  -5.192100e-01  -4.781100e-01  -3.937200e-01  -3.514900e-01  -2.864700e-01  -1.843600e-01  -1.433000e-01  -6.095000e-02  -3.670000e-02   6.375000e-02   1.160900e-01   2.140800e-01   2.184200e-01   4.937200e-01   7.956200e-01   1.070440e+00   1.345420e+00
  -1.328040e+00  -1.215910e+00  -1.174310e+00  -1.184220e+00  -1.133370e+00  -9.789700e-01  -9.319900e-01  -7.920800e-01  -7.550800e-01  -6.657200e-01  -6.584800e-01  -5.987000e-01  -5.225000e-01  -4.533600e-01  -3.477900e-01  -3.479000e-01  -2.869700e-01  -2.061000e-01  -1.374400e-01  -7.888000e-02  -2.566000e-02   6.849000e-02   1.379300e-01   1.904300e-01   3.187100e-01   2.934100e-01   5.954900e-01   8.711500e-01   1.145440e+00
  -1.262840e+00  -1.279890e+00  -1.172430e+00  -9.590100e-01  -9.830100e-01  -9.596900e-01  -9.254800e-01  -7.813700e-01  -7.461200e-01  -6.666400e-01  -6.335200e-01  -5.530900e-01  -4.662400e-01  -4.631600e-01  -3.960900e-01  -3.359200e-01  -2.985300e-01  -1.933000e-01  -1.584600e-01  -4.714000e-02  -3.555000e-02   4.650000e-02   8.951000e-02   2.135400e-01   2.951300e-01   3.765800e-01   3.965100e-01   6.704600e-01   9.455400e-01
  -1.186060e+00  -1.029800e+00  -1.148040e+00  -1.163520e+00  -9.188800e-01  -9.850700e-01  -9.318100e-01  -7.479700e-01  -7.243600e-01  -6.867600e-01  -6.448100e-01  -6.014100e-01  -5.135200e-01  -4.681800e-01  -3.734200e-01  -3.343000e-01  -2.872800e-01  -2.028900e-01  -1.358300e-01  -6.864000e-02  -2.348000e-02   4.923000e-02   1.249000e-01   1.486900e-01   1.804600e-01   1.777800e-01   2.049300e-01   4.708800e-01   7.454500e-01
  -1.131810e+00  -1.026650e+00  -1.256380e+00  -1.079910e+00  -1.109350e+00  -9.671600e-01  -9.007100e-01  -7.962300e-01  -7.453600e-01  -6.661300e-01  -6.268600e-01  -5.611600e-01  -4.842700e-01  -4.167000e-01  -3.855900e-01  -3.344700e-01  -2.897500e-01  -1.878700e-01  -1.606000e-01  -5.801000e-02  -6.315000e-02  -4.426000e-02  -4.664000e-02  -5.054000e-02  -1.880000e-02  -2.071000e-02   6.770000e-03   2.709900e-01   5.459800e-01
  -1.321230e+00  -1.272290e+00  -1.146890e+00  -1.183180e+00  -1.144030e+00  -9.694000e-01  -9.276500e-01  -7.973400e-01  -7.185500e-01  -6.916000e-01  -6.313400e-01  -5.528100e-01  -5.015300e-01  -4.537500e-01  -3.808100e-01  -3.305100e-01  -3.006100e-01  -2.882400e-01  -2.873700e-01  -2.582200e-01  -2.570000e-01  -2.284000e-01  -2.101100e-01  -2.352700e-01  -2.080900e-01  -2.133000e-01  -1.899000e-01   7.664000e-02   3.466300e-01
  -1.303220e+00  -1.052950e+00  -1.115510e+00  -9.185800e-01  -1.009410e+00  -9.899300e-01  -8.555300e-01  -8.110600e-01  -7.386500e-01  -6.782500e-01  -6.425600e-01  -5.789500e-01  -5.168000e-01  -4.835600e-01  -4.953600e-01  -4.917200e-01  -4.798400e-01  -4.573200e-01  -4.573800e-01  -4.337700e-01  -4.179900e-01  -4.089800e-01  -3.924100e-01  -4.054200e-01  -3.978100e-01  -4.020000e-01  -3.826600e-01  -1.246100e-01   1.565100e-01
  -1.290880e+00  -1.187360e+00  -9.074500e-01  -1.198240e+00  -9.940300e-01  -8.768200e-01  -9.203800e-01  -8.031600e-01  -7.854600e-01  -7.497300e-01  -7.386500e-01  -7.256900e-01  -6.802800e-01  -6.684400e-01  -6.357300e-01  -6.243500e-01  -6.417400e-01  -6.002300e-01  -5.741700e-01  -5.909800e-01  -5.692900e-01  -5.929900e-01  -5.528500e-01  -5.605600e-01  -5.669700e-01  -5.838400e-01  -5.585700e-01  -3.126100e-01  -4.140000e-02
  -1.192130e+00  -1.016570e+00  -1.153810e+00  -1.191780e+00  -1.027580e+00  -1.006770e+00  -1.074140e+00  -8.629300e-01  -9.347600e-01  -9.203000e-01  -9.457200e-01  -8.401400e-01  -8.455100e-01  -8.688600e-01  -8.100500e-01  -8.398500e-01  -7.484000e-01  -7.824900e-01  -7.998800e-01  -7.769400e-01  -7.597500e-01  -7.407500e-01  -7.427200e-01  -7.223300e-01  -7.457200e-01  -7.142900e-01  -6.693500e-01  -4.771600e-01  -2.244400e-01
  -1.041990e+00  -1.252700e+00  -1.022310e+00  -1.050410e+00  -1.104310e+00  -1.165220e+00  -1.028790e+00  -1.073340e+00  -9.546000e-01  -9.929300e-01  -9.444900e-01  -9.261000e-01  -9.292200e-01  -8.163700e-01  -8.973800e-01  -8.597000e-01  -7.583600e-01  -8.415300e-01  -6.745700e-01  -7.730700e-01  -8.113800e-01  -8.553000e-01  -8.073300e-01  -7.782300e-01  -8.667100e-01  -6.957300e-01  -5.963400e-01  -5.720100e-01  -4.015900e-01
  -1.550850e+00  -1.220850e+00  -1.418710e+00  -1.392910e+00  -1.027340e+00  -1.424100e+00  -1.024210e+00  -1.168580e+00  -1.244360e+00  -1.099100e+00  -1.157420e+00  -1.287930e+00  -9.466000e-01  -1.045090e+00  -9.383100e-01  -1.165810e+00  -9.505000e-01  -8.344100e-01  -8.679900e-01  -9.545400e-01  -8.478100e-01  -8.378400e-01  -7.635500e-01  -1.000900e+00  -8.863600e-01  -1.114140e+00  -8.426600e-01  -7.086500e-01  -6.153000e-01
  -1.644140e+00  -1.594150e+00  -1.277250e+00  -1.387180e+00  -1.300440e+00  -1.224750e+00  -1.435810e+00  -1.440780e+00  -1.364350e+00  -1.408420e+00  -1.222670e+00  -1.298430e+00  -1.115370e+00  -1.105480e+00  -1.142860e+00  -1.112570e+00  -1.129450e+00  -1.154040e+00  -1.178510e+00  -9.674700e-01  -1.054670e+00  -1.189600e+00  -1.162950e+00  -1.050460e+00  -9.907500e-01  -1.079540e+00  -1.133990e+00  -7.659700e-01  -6.528800e-01
  -1.618340e+00  -1.565610e+00  -1.282180e+00  -1.496320e+00  -1.159830e+00  -1.430220e+00  -1.180240e+00  -1.439990e+00  -1.397220e+00  -1.385790e+00  -1.349820e+00  -1.222970e+00  -1.286480e+00  -1.186100e+00  -1.263710e+00  -1.118830e+00  -1.051810e+00  -1.172050e+00  -1.085050e+00  -1.070180e+00  -1.056160e+00  -1.084700e+00  -1.066800e+00  -1.007620e+00  -1.037170e+00  -9.621400e-01  -1.089880e+00  -1.092130e+00  -7.498300e-01
  -1.586600e+00  -1.584870e+00  -1.539160e+00  -1.436510e+00  -1.299730e+00  -1.483560e+00  -1.384000e+00  -1.421970e+00  -1.335900e+00  -1.404890e+00  -1.342630e+00  -1.198470e+00  -1.176990e+00  -1.276900e+00  -1.257950e+00  -1.262850e+00  -1.045710e+00  -1.112900e+00  -9.700900e-01  -1.209190e+00  -1.128600e+00  -1.097820e+00  -9.973600e-01  -9.596200e-01  -1.123820e+00  -1.044540e+00  -1.000440e+00  -1.013850e+00  -1.025340e+00
  -1.249930e+00  -1.593560e+00  -1.583750e+00  -1.385730e+00  -1.210740e+00  -1.465750e+00  -1.249410e+00  -1.379440e+00  -1.216610e+00  -1.384150e+00  -1.364200e+00  -1.081250e+00  -1.313260e+00  -1.042910e+00  -1.298760e+00  -1.049070e+00  -1.024000e+00  -1.100340e+00  -9.915600e-01  -1.192900e+00  -1.043420e+00  -1.185450e+00  -1.112120e+00  -9.847600e-01  -1.057180e+00  -1.015820e+00  -1.089780e+00  -9.686900e-01  -9.720000e-01
  -1.604530e+00  -1.519790e+00  -1.345660e+00  -1.438220e+00  -1.408690e+00  -1.305190e+00  -1.413730e+00  -1.331400e+00  -1.397210e+00  -1.236850e+00  -1.277020e+00  -1.311000e+00  -1.134650e+00  -1.274790e+00  -1.051830e+00  -1.104170e+00  -1.109480e+00  -1.229370e+00  -1.184990e+00  -1.013880e+00  -1.010150e+00  -9.218100e-01  -1.145390e+00  -8.820200e-01  -1.124320e+00  -8.316500e-01  -9.993000e-01  -9.202300e-01  -9.742600e-01
  -1.600990e+00  -1.565820e+00  -1.578340e+00  -1.524310e+00  -1.471760e+00  -1.474620e+00  -1.433920e+00  -1.368210e+00  -1.369290e+00  -1.227460e+00  -1.365250e+00  -1.035680e+00  -1.225990e+00  -1.126480e+00  -1.154240e+00  -1.215940e+00  -1.157920e+00  -1.245040e+00  -1.107460e+00  -1.213280e+00  -8.902100e-01  -1.049300e+00  -9.808300e-01  -9.832100e-01  -1.086930e+00  -1.026600e+00  -1.006310e+00  -9.333500e-01  -9.368000e-01
  -1.421020e+00  -1.296360e+00  -1.581500e+00  -1.511750e+00  -1.472090e+00  -1.486450e+00  -1.268880e+00  -1.399830e+00  -1.373440e+00  -1.346340e+00  -1.185080e+00  -1.229720e+00  -1.136140e+00  -1.132810e+00  -1.281090e+00  -1.261340e+00  -1.055080e+00  -1.062110e+00  -9.384400e-01  -1.159310e+00  -1.145590e+00  -1.108890e+00  -9.860200e-01  -9.566500e-01  -8.997800e-01  -8.736300e-01  -1.138580e+00  -9.632700e-01  -1.037820e+00
  -1.599750e+00  -1.593680e+00  -1.417240e+00  -1.527440e+00  -1.220020e+00  -1.484960e+00  -1.171960e+00  -1.314760e+00  -1.377400e+00  -1.413450e+00  -1.182620e+00  -1.175380e+00  -1.204420e+00  -1.183260e+00  -1.059270e+00  -1.081840e+00  -1.064700e+00  -1.094280e+00  -1.090710e+00  -1.121640e+00  -1.094490e+00  -1.061110e+00  -9.884000e-01  -9.556500e-01  -1.130640e+00  -9.718000e-01  -9.811000e-01  -9.186900e-01  -7.598800e-01
