# New G.A.S. format
# In this file, each line of the header is starting by #
#    data are saved after the keyword START
# Cascade equilibrium timescale
# 
# This data file is build as follow:
# a b
# l_star, sig_star, mu_star
# nAccRateBins nDiscScaleBins
# dlogAccRate dlogDiscScale
# List of Accretion rates (in log) [Msun/yr]  : AccRateBins
# List of disc scale (in log) [kpc] : DiscScaleBins
# A blank line starting with # 
# And for each following data line (i: nAccRateBins index): log(t)(i,1:nDiscScaleBins) in Gyr
START
0.2  0.6
0.1  0.3  150.0
36  26
0.200  0.100
-2.000  -1.800  -1.600  -1.400  -1.200  -1.000  -0.800  -0.600  -0.400  -0.200  0.000  0.200  0.400  0.600  0.800  1.000  1.200  1.400  1.600  1.800  2.000  2.200  2.400  2.600  2.800  3.000  3.200  3.400  3.600  3.800  4.000  4.200  4.400  4.600  4.800  5.000
-2.000  -1.900  -1.800  -1.700  -1.600  -1.500  -1.400  -1.300  -1.200  -1.100  -1.000  -0.900  -0.800  -0.700  -0.600  -0.500  -0.400  -0.300  -0.200  -0.100  0.000  0.100  0.200  0.300  0.400  0.500
#
  -8.901954e-01  -2.123080e-01  -7.535692e-01  -7.452280e-01  -2.051392e-01  -5.108106e-01  -3.823664e-01  -2.698301e-02  -2.934022e-02   1.661264e-01   4.132089e-01   5.816120e-01   7.953575e-01   1.014594e+00   1.176091e+00   1.176091e+00   1.176091e+00   1.176091e+00   1.176091e+00   1.176091e+00   1.176091e+00   1.176091e+00   1.176091e+00   1.176091e+00   1.176091e+00   1.176091e+00
  -8.748950e-01  -8.770411e-01  -4.625946e-01  -7.718206e-01  -7.286722e-01  -3.731945e-01  -5.004349e-01  -3.710602e-01  -9.945399e-02  -1.427581e-02   1.843870e-01   4.124096e-01   6.006576e-01   8.167131e-01   1.035088e+00   1.176091e+00   1.176091e+00   1.176091e+00   1.176091e+00   1.176091e+00   1.176091e+00   1.176091e+00   1.176091e+00   1.176091e+00   1.176091e+00   1.176091e+00
  -9.036026e-01  -8.310980e-01  -8.381380e-01  -5.926299e-01  -7.079155e-01  -7.041975e-01  -4.706296e-01  -4.096449e-01  -3.453432e-01  -1.241916e-01   1.954085e-02   2.069841e-01   4.238892e-01   6.221734e-01   8.379899e-01   1.054281e+00   1.176091e+00   1.176091e+00   1.176091e+00   1.176091e+00   1.176091e+00   1.176091e+00   1.176091e+00   1.176091e+00   1.176091e+00   1.176091e+00
  -7.619797e-01  -5.482494e-01  -8.043006e-01  -7.167464e-01  -4.317013e-01  -7.200781e-01  -6.154801e-01  -3.514951e-01  -4.527436e-01  -2.995971e-01  -6.557483e-02   3.272022e-02   2.310441e-01   4.529843e-01   6.419736e-01   8.571189e-01   1.076039e+00   1.176091e+00   1.176091e+00   1.176091e+00   1.176091e+00   1.176091e+00   1.176091e+00   1.176091e+00   1.176091e+00   1.176091e+00
  -8.577405e-01  -8.298091e-01  -7.474460e-01  -7.869873e-01  -7.494298e-01  -5.457063e-01  -7.040302e-01  -6.277783e-01  -3.931704e-01  -4.428499e-01  -2.933442e-01  -6.622307e-02   5.115063e-02   2.489092e-01   4.674508e-01   6.643921e-01   8.777651e-01   1.095484e+00   1.176091e+00   1.176091e+00   1.176091e+00   1.176091e+00   1.176091e+00   1.176091e+00   1.176091e+00   1.176091e+00
  -8.509417e-01  -7.948417e-01  -8.044876e-01  -7.457788e-01  -7.187669e-01  -7.323967e-01  -5.859556e-01  -6.269225e-01  -6.025316e-01  -4.407596e-01  -3.887249e-01  -2.673764e-01  -7.529580e-02   8.429942e-02   2.713549e-01   4.801030e-01   7.291005e-01   8.983724e-01   1.114833e+00   1.176091e+00   1.176091e+00   1.176091e+00   1.176091e+00   1.176091e+00   1.176091e+00   1.176091e+00
  -8.594143e-01  -8.003950e-01  -7.913408e-01  -5.932337e-01  -7.011931e-01  -4.721560e-01  -1.519328e-01  -5.661611e-01  -4.524730e-01  -1.569072e-01  -4.274219e-01  -2.799378e-01  -2.244931e-02  -5.935166e-02   1.315217e-01   3.584495e-01   5.009022e-01   7.122151e-01   9.295203e-01   1.134642e+00   1.176091e+00   1.176091e+00   1.176091e+00   1.176091e+00   1.176091e+00   1.176091e+00
  -8.290396e-01  -8.224809e-01  -6.653374e-01  -6.838501e-01  -6.921584e-01  -6.265386e-01  -5.341538e-01  -3.988596e-01  -5.272228e-01  -4.913900e-01  -3.341101e-01  -3.889882e-01  -2.984286e-01  -1.185398e-01  -3.160606e-02   1.374725e-01   3.397951e-01   5.239379e-01   7.284053e-01   9.426009e-01   1.161385e+00   1.176091e+00   1.176091e+00   1.176091e+00   1.176091e+00   1.176091e+00
  -8.445272e-01  -8.116430e-01  -7.539222e-01  -7.397553e-01  -6.914610e-01  -6.380546e-01  -5.137445e-01  -5.731582e-01  -4.650792e-01  -4.268245e-01  -5.165854e-01  -3.950207e-01  -2.770943e-01  -2.980887e-01  -1.389050e-01   2.596384e-02   1.540437e-01   3.485440e-01   5.494865e-01   7.506262e-01   9.622064e-01   1.177170e+00   1.176091e+00   1.176091e+00   1.176091e+00   1.176091e+00
  -8.467641e-01  -8.080861e-01  -7.702720e-01  -7.177407e-01  -6.921859e-01  -6.243943e-01  -4.950544e-01  -5.706380e-01  -5.248582e-01  -4.003538e-01  -4.744834e-01   1.926943e-01  -3.413012e-01  -3.337275e-01   2.013771e-01  -1.039217e-01   2.397211e-02   3.801869e-01   3.730827e-01   5.687914e-01   8.217515e-01   9.831088e-01   1.176091e+00   1.176091e+00   1.176091e+00   1.176091e+00
  -8.457707e-01  -8.038641e-01  -7.577081e-01  -7.270627e-01  -6.939748e-01  -6.446369e-01  -6.115318e-01  -5.853898e-01  -5.527897e-01  -4.841384e-01  -4.599657e-01  -4.571058e-01  -5.720240e-02  -3.599113e-01  -3.153103e-01   3.328762e-02  -9.549994e-02   3.477505e-02   3.057005e-01   3.892256e-01   5.858817e-01   8.159780e-01   1.001980e+00   1.176091e+00   1.176091e+00   1.176091e+00
  -8.462527e-01  -8.062854e-01  -7.636815e-01  -7.150964e-01  -6.734816e-01  -6.295491e-01  -6.066076e-01  -5.596304e-01  -5.296191e-01  -5.240923e-01  -4.871067e-01  -4.134490e-01  -4.252834e-01  -1.847175e-01  -2.940329e-01  -2.962260e-01  -6.377807e-02  -9.434037e-04   5.862504e-02   2.793310e-01   4.263948e-01   6.081440e-01   8.243596e-01   1.024152e+00   1.176091e+00   1.176091e+00
  -8.455257e-01  -8.054516e-01  -7.586917e-01  -7.204474e-01  -6.859083e-01  -6.301434e-01  -6.031204e-01  -5.657849e-01  -4.607835e-01  -4.759308e-01  -3.503555e-01  -1.386597e-01  -3.929130e-01  -3.059607e-01  -2.232554e-02  -3.109609e-01  -2.087869e-01   5.581733e-02  -4.718658e-02   1.044625e-01   3.405195e-01   4.342422e-01   6.321830e-01   8.548306e-01   1.042478e+00   1.176091e+00
  -8.458261e-01  -8.063287e-01  -7.595298e-01  -7.183951e-01  -6.791369e-01  -6.285019e-01  -6.041254e-01  -5.323334e-01  -5.197810e-01  -5.088527e-01  -4.432452e-01  -4.127967e-01  -3.371522e-01  -3.749995e-01  -3.343322e-01  -1.385525e-01  -2.946305e-01  -2.174207e-01   1.208224e-02  -3.753130e-02   1.109531e-01   3.370299e-01   4.527908e-01   6.501949e-01   8.686427e-01   1.064672e+00
  -8.456402e-01  -8.055666e-01  -7.595685e-01  -7.194695e-01  -6.829952e-01  -6.376685e-01  -6.024068e-01  -5.563350e-01  -5.244359e-01  -4.767876e-01  -4.369465e-01  -3.786785e-01  -3.930320e-01  -3.347979e-01  -3.048564e-01  -3.231652e-01  -1.781547e-01  -2.170179e-01  -1.962623e-01  -3.505291e-02   1.729397e-02   1.358163e-01   3.274809e-01   4.862960e-01   6.723538e-01   8.817183e-01
  -8.455322e-01  -8.055661e-01  -7.598014e-01  -7.199887e-01  -6.807352e-01  -6.368050e-01  -6.002002e-01  -5.631975e-01  -5.179671e-01  -4.681674e-01  -4.447957e-01  -3.843123e-01  -3.801159e-01  -1.861901e-01  -2.878580e-01  -6.664408e-02   2.508838e-01  -1.574713e-01  -4.723410e-02   2.464388e-01  -2.044369e-02   1.227425e-01   3.808067e-01   3.428057e-01   5.328443e-01   7.619837e-01
  -8.455032e-01  -8.055230e-01  -7.596352e-01  -7.196914e-01  -6.802019e-01  -6.364294e-01  -5.977925e-01  -5.582834e-01  -5.203742e-01  -4.664384e-01  -4.153436e-01  -4.053242e-01  -2.565081e-01  -2.741209e-01  -2.796345e-01  -2.188119e-01  -1.275090e-01   7.603674e-03  -1.209754e-01  -8.504081e-02   7.254718e-02   1.511647e-02   1.051550e-01   2.846635e-01   3.703102e-01   5.386549e-01
  -8.454897e-01  -8.055031e-01  -7.595740e-01  -7.196313e-01  -6.797895e-01  -6.355792e-01  -5.950392e-01  -5.564341e-01  -5.112117e-01  -4.744366e-01  -4.304984e-01  -3.948093e-01  -3.432993e-01  -3.289050e-01  -2.787209e-01  -2.304333e-01  -1.071927e-01  -1.633917e-01  -5.989844e-02  -2.066117e-02  -1.089448e-01   9.113477e-03   1.279632e-01   1.065766e-01   2.630652e-01   4.289594e-01
  -8.454825e-01  -8.054908e-01  -7.595470e-01  -7.195611e-01  -6.795949e-01  -6.353169e-01  -5.951888e-01  -5.563560e-01  -5.144565e-01  -4.721816e-01  -4.330409e-01  -3.914465e-01  -3.595527e-01  -3.075955e-01  -2.797821e-01  -2.165444e-01  -8.894558e-02  -1.611574e-01  -1.186914e-01   4.591828e-03  -6.687421e-02   5.942518e-01   6.229468e-02   7.196644e-02   6.044265e-01   2.980837e-01
  -8.454810e-01  -8.054836e-01  -7.595363e-01  -7.195457e-01  -6.795710e-01  -6.351865e-01  -5.953306e-01  -5.556141e-01  -5.129468e-01  -4.716484e-01  -4.320069e-01  -3.877953e-01  -3.473168e-01  -3.164767e-01  -2.814785e-01  -2.367136e-01  -2.034469e-01  -1.755830e-01  -1.464333e-01  -7.853416e-02  -5.269364e-02  -5.206322e-02   3.449176e-01   4.566694e-02   8.797873e-02   4.365118e-01
  -8.454797e-01  -8.054809e-01  -7.595301e-01  -7.195338e-01  -6.795429e-01  -6.351574e-01  -5.952159e-01  -5.553134e-01  -5.119691e-01  -4.728782e-01  -4.326451e-01  -3.902345e-01  -3.532877e-01  -3.049067e-01  -2.613701e-01  -2.218130e-01  -1.988032e-01  -1.503721e-01  -1.235220e-01  -1.175580e-01  -7.955151e-02  -8.749263e-03  -2.009900e-02   2.192191e-01   1.094708e-01   1.076493e-01
  -8.454781e-01  -8.054791e-01  -7.595275e-01  -7.195302e-01  -6.795335e-01  -6.351434e-01  -5.951616e-01  -5.552005e-01  -5.119660e-01  -4.722217e-01  -4.319101e-01  -3.893480e-01  -3.485899e-01  -3.100419e-01  -2.735807e-01  -2.225716e-01  -1.953580e-01  -1.564461e-01  -5.573938e-02  -7.016588e-02   5.540181e-02   2.641882e-01   1.190488e-02   9.909533e-02   3.799572e-01   9.289918e-02
  -8.454777e-01  -8.054782e-01  -7.595262e-01  -7.195281e-01  -6.795290e-01  -6.351327e-01  -5.951427e-01  -5.551544e-01  -5.119120e-01  -4.719641e-01  -4.321748e-01  -3.902197e-01  -3.494341e-01  -3.082816e-01  -2.670724e-01  -2.208180e-01  -1.961257e-01  -1.237752e-01  -1.139115e-01  -1.025803e-01  -3.614308e-02  -8.260227e-03   6.687837e-02   3.105112e-02   6.966686e-02   2.647223e-01
  -8.454776e-01  -8.054775e-01  -7.595258e-01  -7.195264e-01  -6.795275e-01  -6.351292e-01  -5.951318e-01  -5.551393e-01  -5.118825e-01  -4.719040e-01  -4.320022e-01  -3.895023e-01  -3.494622e-01  -3.093566e-01  -2.709041e-01  -2.299575e-01  -1.944879e-01  -1.470820e-01  -1.183961e-01  -7.079512e-02  -2.997423e-02   2.573003e-02   1.173139e-02   7.046601e-02   9.891494e-02   8.087716e-02
  -8.454775e-01  -8.054775e-01  -7.595253e-01  -7.195254e-01  -6.795260e-01  -6.351266e-01  -5.951276e-01  -5.551318e-01  -5.118645e-01  -4.718743e-01  -4.319070e-01  -3.894793e-01  -3.496665e-01  -3.098539e-01  -2.687632e-01  -2.291737e-01  -1.923824e-01  -1.539564e-01  -1.121816e-01  -6.247161e-02  -3.768505e-02   2.013992e-02   2.460378e-02   2.178173e-01   1.156135e-01   3.355448e-01
  -8.454774e-01  -8.054773e-01  -7.595250e-01  -7.195251e-01  -6.795254e-01  -6.351248e-01  -5.951261e-01  -5.551276e-01  -5.118557e-01  -4.718644e-01  -4.318737e-01  -3.894422e-01  -3.495103e-01  -3.095611e-01  -2.682294e-01  -2.288523e-01  -1.901389e-01  -1.491001e-01  -1.143032e-01  -6.077981e-02  -8.711505e-03  -6.571339e-04   1.470013e-01   1.306357e-01   1.237521e-01   1.845890e-01
  -8.454776e-01  -8.054775e-01  -7.595249e-01  -7.195248e-01  -6.795251e-01  -6.351242e-01  -5.951249e-01  -5.551263e-01  -5.118526e-01  -4.718561e-01  -4.318629e-01  -3.894287e-01  -3.494441e-01  -3.095108e-01  -2.678264e-01  -2.280027e-01  -1.874902e-01  -1.474103e-01  -1.054785e-01  -6.848484e-02  -2.359787e-02   9.646870e-03   6.111711e-02   7.641948e-02   1.247302e-01   1.729093e-01
  -8.454777e-01  -8.054773e-01  -7.595249e-01  -7.195249e-01  -6.795246e-01  -6.351241e-01  -5.951243e-01  -5.551246e-01  -5.118517e-01  -4.718523e-01  -4.318557e-01  -3.894146e-01  -3.494270e-01  -3.094457e-01  -2.676304e-01  -2.277389e-01  -1.876473e-01  -1.473950e-01  -1.086616e-01  -6.641815e-02  -2.611402e-02   1.296455e-02   4.486238e-02   9.749834e-02   1.236105e-01   1.867409e-01
  -8.454777e-01  -8.054774e-01  -7.595248e-01  -7.195249e-01  -6.795246e-01  -6.351237e-01  -5.951240e-01  -5.551243e-01  -5.118505e-01  -4.718510e-01  -4.318532e-01  -3.894077e-01  -3.494122e-01  -3.094217e-01  -2.676061e-01  -2.276311e-01  -1.877705e-01  -1.466641e-01  -1.072478e-01  -6.595041e-02  -2.521500e-02   1.665653e-02   5.707208e-02   8.875499e-02   1.218844e-01   1.666945e-01
  -8.454775e-01  -8.054775e-01  -7.595251e-01  -7.195247e-01  -6.795246e-01  -6.351236e-01  -5.951237e-01  -5.551239e-01  -5.118498e-01  -4.718501e-01  -4.318506e-01  -3.894049e-01  -3.494080e-01  -3.094099e-01  -2.675855e-01  -2.276006e-01  -1.876477e-01  -1.463729e-01  -1.063067e-01  -6.718563e-02  -2.583982e-02   1.416255e-02   5.115755e-02   1.002017e-01   1.419244e-01   1.814905e-01
  -8.454777e-01  -8.054775e-01  -7.595251e-01  -7.195248e-01  -6.795247e-01  -6.351238e-01  -5.951236e-01  -5.551237e-01  -5.118492e-01  -4.718494e-01  -4.318502e-01  -3.894026e-01  -3.494049e-01  -3.094060e-01  -2.675754e-01  -2.275850e-01  -1.875985e-01  -1.462572e-01  -1.063084e-01  -6.654974e-02  -2.517512e-02   1.498259e-02   5.574756e-02   9.512340e-02   1.297399e-01   1.806945e-01
  -8.454775e-01  -8.054774e-01  -7.595249e-01  -7.195249e-01  -6.795247e-01  -6.351237e-01  -5.951237e-01  -5.551235e-01  -5.118490e-01  -4.718492e-01  -4.318495e-01  -3.894020e-01  -3.494031e-01  -3.094033e-01  -2.675692e-01  -2.275747e-01  -1.875825e-01  -1.462142e-01  -1.062475e-01  -6.630381e-02  -2.548497e-02   1.404986e-02   5.488159e-02   9.685419e-02   1.362298e-01   1.824443e-01
  -8.454775e-01  -8.054773e-01  -7.595250e-01  -7.195248e-01  -6.795247e-01  -6.351238e-01  -5.951235e-01  -5.551235e-01  -5.118489e-01  -4.718490e-01  -4.318490e-01  -3.894015e-01  -3.494018e-01  -3.094024e-01  -2.675678e-01  -2.275693e-01  -1.875742e-01  -1.461986e-01  -1.062156e-01  -6.623303e-02  -2.529478e-02   1.475984e-02   5.480744e-02   9.577201e-02   1.324161e-01   1.733634e-01
  -8.454775e-01  -8.054773e-01  -7.595250e-01  -7.195247e-01  -6.795246e-01  -6.351237e-01  -5.951236e-01  -5.551235e-01  -5.118489e-01  -4.718489e-01  -4.318489e-01  -3.894013e-01  -3.494016e-01  -3.094016e-01  -2.675665e-01  -2.275676e-01  -1.875697e-01  -1.461913e-01  -1.062008e-01  -6.621143e-02  -2.519851e-02   1.477426e-02   5.458762e-02   9.520940e-02   1.345367e-01   1.741085e-01
  -8.454777e-01  -8.054773e-01  -7.595250e-01  -7.195248e-01  -6.795247e-01  -6.351236e-01  -5.951236e-01  -5.551236e-01  -5.118490e-01  -4.718489e-01  -4.318488e-01  -3.894011e-01  -3.494011e-01  -3.094016e-01  -2.675656e-01  -2.275661e-01  -1.875676e-01  -1.461879e-01  -1.061900e-01  -6.619951e-02  -2.517159e-02   1.481612e-02   5.473961e-02   9.549233e-02   1.349750e-01   1.744069e-01
  -8.454775e-01  -8.054773e-01  -7.595250e-01  -7.195247e-01  -6.795246e-01  -6.351237e-01  -5.951237e-01  -5.551236e-01  -5.118489e-01  -4.718489e-01  -4.318489e-01  -3.894009e-01  -3.494011e-01  -3.094012e-01  -2.675654e-01  -2.275655e-01  -1.875662e-01  -1.461867e-01  -1.061877e-01  -6.619097e-02  -2.515426e-02   1.483410e-02   5.481621e-02   9.553237e-02   1.353657e-01   1.752010e-01
