# New G.A.S. format
# In this file, each line of the header is starting by #
#    data are saved after the keyword START
# Thermal_instability parameter (2. - dlnLambda/dlnT)
#   associated to different metallicities
#   computed from Rijcke 2013
# 
# This data file has build as follow:
# nTempBins nMetBins
# dlogTemp dlogMet
# List of Temperatures (in log) [K]             : TempBins
# List of metalicity bins (in log) [mass ratio] : MetBins
# A blank line starting with # 
# And for each following data line (i: Temp index): 2. - dlnLambda/dlnT(i,1:nMetBins)
START
101  46
0.05  0.1
3.0  3.05  3.1  3.15  3.2  3.25  3.3  3.35  3.4  3.45  3.5  3.55  3.6  3.65  3.7  3.75  3.8  3.85  3.9  3.95  4.0  4.05  4.1  4.15  4.2  4.25  4.3  4.35  4.4  4.45  4.5  4.55  4.6  4.65  4.7  4.75  4.8  4.85  4.9  4.95  5.0  5.05  5.1  5.15  5.2  5.25  5.3  5.35  5.4  5.45  5.5  5.55  5.6  5.65  5.7  5.75  5.8  5.85  5.9  5.95  6.0  6.05  6.1  6.15  6.2  6.25  6.3  6.35  6.4  6.45  6.5  6.55  6.6  6.65  6.7  6.75  6.8  6.85  6.9  6.95  7.0  7.05  7.1  7.15  7.2  7.25  7.3  7.35  7.4  7.45  7.5  7.55  7.6  7.65  7.7  7.75  7.8  7.85  7.9  7.95  8.0
-5.5  -5.4  -5.3  -5.2  -5.1  -5.0  -4.9  -4.8  -4.7  -4.6  -4.5  -4.4  -4.3  -4.2  -4.1  -4.0  -3.9  -3.8  -3.7  -3.6  -3.5  -3.4  -3.3  -3.2  -3.1  -3.0  -2.9  -2.8  -2.7  -2.6  -2.5  -2.4  -2.3  -2.2  -2.1  -2.0  -1.9  -1.8  -1.7  -1.6  -1.5  -1.4  -1.3  -1.2  -1.1  -1.0
#
   1.154641e+00   1.157061e+00   1.159481e+00   1.161901e+00   1.164321e+00   1.166741e+00   1.169161e+00   1.171582e+00   1.174002e+00   1.176422e+00   1.178842e+00   1.181262e+00   1.183682e+00   1.186102e+00   1.188523e+00   1.190943e+00   1.193363e+00   1.195783e+00   1.198203e+00   1.219489e+00   1.240971e+00   1.262453e+00   1.283935e+00   1.305417e+00   1.326899e+00   1.348381e+00   1.369863e+00   1.391346e+00   1.412828e+00   1.441402e+00   1.470050e+00   1.498697e+00   1.527345e+00   1.555993e+00   1.564060e+00   1.571912e+00   1.579765e+00   1.587617e+00   1.595470e+00   1.606612e+00   1.617787e+00   1.628963e+00   1.640139e+00   1.651315e+00   1.651430e+00   1.651430e+00
   1.167932e+00   1.169900e+00   1.171869e+00   1.173838e+00   1.175807e+00   1.177775e+00   1.179744e+00   1.181713e+00   1.183682e+00   1.185650e+00   1.187619e+00   1.189588e+00   1.191557e+00   1.193525e+00   1.195494e+00   1.197463e+00   1.199432e+00   1.201400e+00   1.203369e+00   1.228045e+00   1.252957e+00   1.277869e+00   1.302781e+00   1.327693e+00   1.352605e+00   1.377517e+00   1.402429e+00   1.427341e+00   1.452253e+00   1.473444e+00   1.494597e+00   1.515749e+00   1.536902e+00   1.558054e+00   1.589270e+00   1.620590e+00   1.651910e+00   1.683231e+00   1.714551e+00   1.707052e+00   1.699149e+00   1.691246e+00   1.683343e+00   1.675440e+00   1.675359e+00   1.675359e+00
   1.194361e+00   1.195765e+00   1.197168e+00   1.198572e+00   1.199975e+00   1.201379e+00   1.202782e+00   1.204186e+00   1.205589e+00   1.206993e+00   1.208396e+00   1.209800e+00   1.211203e+00   1.212607e+00   1.214010e+00   1.215414e+00   1.216817e+00   1.218220e+00   1.219624e+00   1.248582e+00   1.277826e+00   1.307071e+00   1.336315e+00   1.365560e+00   1.394804e+00   1.424049e+00   1.453293e+00   1.482538e+00   1.511782e+00   1.523592e+00   1.535220e+00   1.546848e+00   1.558476e+00   1.570104e+00   1.604417e+00   1.638965e+00   1.673514e+00   1.708062e+00   1.742610e+00   1.732788e+00   1.722504e+00   1.712220e+00   1.701936e+00   1.691652e+00   1.691546e+00   1.691546e+00
   1.208605e+00   1.209833e+00   1.211061e+00   1.212289e+00   1.213517e+00   1.214745e+00   1.215973e+00   1.217200e+00   1.218428e+00   1.219656e+00   1.220884e+00   1.222112e+00   1.223340e+00   1.224568e+00   1.225795e+00   1.227023e+00   1.228251e+00   1.229479e+00   1.230707e+00   1.260566e+00   1.290723e+00   1.320881e+00   1.351038e+00   1.381195e+00   1.411352e+00   1.441509e+00   1.471667e+00   1.501824e+00   1.531981e+00   1.549410e+00   1.566707e+00   1.584004e+00   1.601301e+00   1.618598e+00   1.625648e+00   1.632591e+00   1.639534e+00   1.646477e+00   1.653420e+00   1.668074e+00   1.682808e+00   1.697542e+00   1.712276e+00   1.727010e+00   1.727162e+00   1.727162e+00
   1.233662e+00   1.233498e+00   1.233334e+00   1.233171e+00   1.233007e+00   1.232843e+00   1.232679e+00   1.232516e+00   1.232352e+00   1.232188e+00   1.232025e+00   1.231861e+00   1.231697e+00   1.231533e+00   1.231370e+00   1.231206e+00   1.231042e+00   1.230879e+00   1.230715e+00   1.260560e+00   1.290717e+00   1.320874e+00   1.351032e+00   1.381189e+00   1.411346e+00   1.441503e+00   1.471661e+00   1.501818e+00   1.531975e+00   1.549187e+00   1.566264e+00   1.583342e+00   1.600419e+00   1.617496e+00   1.632136e+00   1.646750e+00   1.661364e+00   1.675978e+00   1.690592e+00   1.694997e+00   1.699297e+00   1.703596e+00   1.707895e+00   1.712194e+00   1.712238e+00   1.712238e+00
   1.263965e+00   1.263822e+00   1.263679e+00   1.263536e+00   1.263393e+00   1.263250e+00   1.263108e+00   1.262965e+00   1.262822e+00   1.262679e+00   1.262536e+00   1.262393e+00   1.262250e+00   1.262107e+00   1.261964e+00   1.261821e+00   1.261678e+00   1.261535e+00   1.261392e+00   1.287464e+00   1.313807e+00   1.340151e+00   1.366495e+00   1.392839e+00   1.419183e+00   1.445527e+00   1.471871e+00   1.498215e+00   1.524559e+00   1.528230e+00   1.531665e+00   1.535100e+00   1.538535e+00   1.541969e+00   1.576874e+00   1.612106e+00   1.647338e+00   1.682570e+00   1.717803e+00   1.720403e+00   1.722663e+00   1.724924e+00   1.727184e+00   1.729445e+00   1.729468e+00   1.729468e+00
   1.272378e+00   1.274643e+00   1.276907e+00   1.279172e+00   1.281436e+00   1.283701e+00   1.285965e+00   1.288230e+00   1.290494e+00   1.292759e+00   1.295023e+00   1.297288e+00   1.299552e+00   1.301817e+00   1.304081e+00   1.306346e+00   1.308610e+00   1.310875e+00   1.313139e+00   1.331287e+00   1.349600e+00   1.367914e+00   1.386227e+00   1.404541e+00   1.422854e+00   1.441167e+00   1.459481e+00   1.477794e+00   1.496107e+00   1.507508e+00   1.518838e+00   1.530167e+00   1.541496e+00   1.552825e+00   1.583105e+00   1.613583e+00   1.644061e+00   1.674538e+00   1.705016e+00   1.718490e+00   1.731787e+00   1.745083e+00   1.758380e+00   1.771677e+00   1.771814e+00   1.771814e+00
   1.258800e+00   1.262996e+00   1.267191e+00   1.271387e+00   1.275582e+00   1.279778e+00   1.283973e+00   1.288169e+00   1.292364e+00   1.296560e+00   1.300755e+00   1.304951e+00   1.309146e+00   1.313342e+00   1.317537e+00   1.321733e+00   1.325928e+00   1.330124e+00   1.334320e+00   1.348299e+00   1.362380e+00   1.376462e+00   1.390543e+00   1.404624e+00   1.418705e+00   1.432787e+00   1.446868e+00   1.460949e+00   1.475031e+00   1.498189e+00   1.521441e+00   1.544694e+00   1.567947e+00   1.591199e+00   1.606073e+00   1.620859e+00   1.635646e+00   1.650432e+00   1.665219e+00   1.676742e+00   1.688231e+00   1.699721e+00   1.711210e+00   1.722699e+00   1.722818e+00   1.722818e+00
   1.227637e+00   1.231980e+00   1.236324e+00   1.240667e+00   1.245011e+00   1.249354e+00   1.253698e+00   1.258041e+00   1.262385e+00   1.266728e+00   1.271072e+00   1.275415e+00   1.279759e+00   1.284102e+00   1.288446e+00   1.292789e+00   1.297133e+00   1.301477e+00   1.305820e+00   1.322627e+00   1.339563e+00   1.356500e+00   1.373436e+00   1.390373e+00   1.407309e+00   1.424246e+00   1.441182e+00   1.458118e+00   1.475055e+00   1.495118e+00   1.515213e+00   1.535309e+00   1.555404e+00   1.575500e+00   1.593117e+00   1.610709e+00   1.628301e+00   1.645892e+00   1.663484e+00   1.663886e+00   1.664109e+00   1.664332e+00   1.664555e+00   1.664779e+00   1.664781e+00   1.664781e+00
   1.210927e+00   1.213999e+00   1.217071e+00   1.220142e+00   1.223214e+00   1.226286e+00   1.229358e+00   1.232429e+00   1.235501e+00   1.238573e+00   1.241644e+00   1.244716e+00   1.247788e+00   1.250860e+00   1.253931e+00   1.257003e+00   1.260075e+00   1.263146e+00   1.266218e+00   1.286923e+00   1.307811e+00   1.328699e+00   1.349587e+00   1.370475e+00   1.391363e+00   1.412251e+00   1.433139e+00   1.454027e+00   1.474915e+00   1.494781e+00   1.514637e+00   1.534493e+00   1.554348e+00   1.574204e+00   1.590201e+00   1.606158e+00   1.622114e+00   1.638071e+00   1.654028e+00   1.628999e+00   1.603543e+00   1.578087e+00   1.552631e+00   1.527175e+00   1.526913e+00   1.526913e+00
   1.264965e+00   1.265025e+00   1.265084e+00   1.265143e+00   1.265202e+00   1.265262e+00   1.265321e+00   1.265380e+00   1.265440e+00   1.265499e+00   1.265558e+00   1.265618e+00   1.265677e+00   1.265736e+00   1.265796e+00   1.265855e+00   1.265914e+00   1.265974e+00   1.266033e+00   1.283655e+00   1.301460e+00   1.319264e+00   1.337069e+00   1.354873e+00   1.372678e+00   1.390483e+00   1.408287e+00   1.426092e+00   1.443897e+00   1.464484e+00   1.485100e+00   1.505715e+00   1.526331e+00   1.546947e+00   1.534654e+00   1.522019e+00   1.509383e+00   1.496748e+00   1.484112e+00   1.496514e+00   1.509176e+00   1.521839e+00   1.534501e+00   1.547164e+00   1.547294e+00   1.547294e+00
   1.353548e+00   1.352671e+00   1.351795e+00   1.350919e+00   1.350042e+00   1.349166e+00   1.348290e+00   1.347414e+00   1.346537e+00   1.345661e+00   1.344785e+00   1.343908e+00   1.343032e+00   1.342156e+00   1.341279e+00   1.340403e+00   1.339527e+00   1.338650e+00   1.337774e+00   1.343588e+00   1.349472e+00   1.355356e+00   1.361240e+00   1.367124e+00   1.373008e+00   1.378892e+00   1.384776e+00   1.390660e+00   1.396544e+00   1.412115e+00   1.427787e+00   1.443458e+00   1.459130e+00   1.474801e+00   1.473829e+00   1.472684e+00   1.471539e+00   1.470394e+00   1.469248e+00   1.474779e+00   1.480379e+00   1.485979e+00   1.491579e+00   1.497179e+00   1.497237e+00   1.497237e+00
   1.393817e+00   1.394022e+00   1.394228e+00   1.394434e+00   1.394639e+00   1.394845e+00   1.395051e+00   1.395256e+00   1.395462e+00   1.395668e+00   1.395873e+00   1.396079e+00   1.396285e+00   1.396491e+00   1.396696e+00   1.396902e+00   1.397108e+00   1.397313e+00   1.397519e+00   1.393996e+00   1.390434e+00   1.386871e+00   1.383309e+00   1.379747e+00   1.376185e+00   1.372623e+00   1.369061e+00   1.365498e+00   1.361936e+00   1.372991e+00   1.384199e+00   1.395406e+00   1.406614e+00   1.417821e+00   1.430376e+00   1.442945e+00   1.455514e+00   1.468083e+00   1.480652e+00   1.477538e+00   1.474261e+00   1.470984e+00   1.467707e+00   1.464429e+00   1.464396e+00   1.464396e+00
   1.412421e+00   1.411247e+00   1.410074e+00   1.408900e+00   1.407726e+00   1.406553e+00   1.405379e+00   1.404206e+00   1.403032e+00   1.401858e+00   1.400685e+00   1.399511e+00   1.398337e+00   1.397164e+00   1.395990e+00   1.394817e+00   1.393643e+00   1.392469e+00   1.391296e+00   1.387280e+00   1.383235e+00   1.379190e+00   1.375144e+00   1.371099e+00   1.367054e+00   1.363009e+00   1.358963e+00   1.354918e+00   1.350873e+00   1.360440e+00   1.370148e+00   1.379857e+00   1.389565e+00   1.399274e+00   1.394497e+00   1.389570e+00   1.384643e+00   1.379716e+00   1.374789e+00   1.388361e+00   1.402125e+00   1.415890e+00   1.429654e+00   1.443418e+00   1.443560e+00   1.443560e+00
   1.404796e+00   1.403765e+00   1.402734e+00   1.401703e+00   1.400672e+00   1.399641e+00   1.398610e+00   1.397579e+00   1.396548e+00   1.395517e+00   1.394486e+00   1.393455e+00   1.392424e+00   1.391393e+00   1.390362e+00   1.389331e+00   1.388300e+00   1.387269e+00   1.386238e+00   1.384545e+00   1.382844e+00   1.381144e+00   1.379443e+00   1.377743e+00   1.376042e+00   1.374342e+00   1.372641e+00   1.370941e+00   1.369240e+00   1.372342e+00   1.375494e+00   1.378645e+00   1.381797e+00   1.384948e+00   1.373461e+00   1.361822e+00   1.350183e+00   1.338544e+00   1.326905e+00   1.349842e+00   1.373140e+00   1.396437e+00   1.419735e+00   1.443032e+00   1.443272e+00   1.443272e+00
   1.356513e+00   1.357513e+00   1.358513e+00   1.359513e+00   1.360514e+00   1.361514e+00   1.362514e+00   1.363514e+00   1.364515e+00   1.365515e+00   1.366515e+00   1.367515e+00   1.368516e+00   1.369516e+00   1.370516e+00   1.371516e+00   1.372517e+00   1.373517e+00   1.374517e+00   1.368548e+00   1.362506e+00   1.356464e+00   1.350422e+00   1.344381e+00   1.338339e+00   1.332297e+00   1.326255e+00   1.320214e+00   1.314172e+00   1.299947e+00   1.285638e+00   1.271328e+00   1.257019e+00   1.242709e+00   1.243248e+00   1.243942e+00   1.244635e+00   1.245329e+00   1.246023e+00   1.260396e+00   1.274911e+00   1.289426e+00   1.303942e+00   1.318457e+00   1.318607e+00   1.318607e+00
   1.342893e+00   1.341465e+00   1.340038e+00   1.338610e+00   1.337183e+00   1.335755e+00   1.334327e+00   1.332900e+00   1.331472e+00   1.330045e+00   1.328617e+00   1.327190e+00   1.325762e+00   1.324335e+00   1.322907e+00   1.321479e+00   1.320052e+00   1.318624e+00   1.317197e+00   1.307838e+00   1.298396e+00   1.288954e+00   1.279513e+00   1.270071e+00   1.260629e+00   1.251188e+00   1.241746e+00   1.232304e+00   1.222863e+00   1.208232e+00   1.193546e+00   1.178861e+00   1.164176e+00   1.149490e+00   1.146422e+00   1.143475e+00   1.140528e+00   1.137580e+00   1.134633e+00   1.114007e+00   1.093198e+00   1.072388e+00   1.051578e+00   1.030769e+00   1.030554e+00   1.030554e+00
   1.236521e+00   1.238463e+00   1.240406e+00   1.242348e+00   1.244290e+00   1.246233e+00   1.248175e+00   1.250118e+00   1.252060e+00   1.254003e+00   1.255945e+00   1.257887e+00   1.259830e+00   1.261772e+00   1.263715e+00   1.265657e+00   1.267600e+00   1.269542e+00   1.271484e+00   1.264283e+00   1.256987e+00   1.249690e+00   1.242394e+00   1.235097e+00   1.227801e+00   1.220504e+00   1.213208e+00   1.205911e+00   1.198615e+00   1.176009e+00   1.153244e+00   1.130478e+00   1.107713e+00   1.084947e+00   1.049458e+00   1.013835e+00   9.782130e-01   9.425906e-01   9.069683e-01   9.083634e-01   9.101438e-01   9.119242e-01   9.137045e-01   9.154849e-01   9.155033e-01   9.155033e-01
   8.981695e-01   9.014869e-01   9.048043e-01   9.081217e-01   9.114391e-01   9.147565e-01   9.180739e-01   9.213913e-01   9.247087e-01   9.280261e-01   9.313435e-01   9.346609e-01   9.379783e-01   9.412957e-01   9.446131e-01   9.479305e-01   9.512479e-01   9.545653e-01   9.578827e-01   9.379344e-01   9.177440e-01   8.975536e-01   8.773631e-01   8.571727e-01   8.369822e-01   8.167918e-01   7.966013e-01   7.764109e-01   7.562205e-01   7.556672e-01   7.553184e-01   7.549695e-01   7.546206e-01   7.542717e-01   7.363624e-01   7.182704e-01   7.001783e-01   6.820862e-01   6.639942e-01   6.633550e-01   6.628974e-01   6.624399e-01   6.619823e-01   6.615248e-01   6.615200e-01   6.615200e-01
  -9.109476e-01  -9.337037e-01  -9.564599e-01  -9.792160e-01  -1.001972e+00  -1.024728e+00  -1.047485e+00  -1.070241e+00  -1.092997e+00  -1.115753e+00  -1.138509e+00  -1.161265e+00  -1.184022e+00  -1.206778e+00  -1.229534e+00  -1.252290e+00  -1.275046e+00  -1.297802e+00  -1.320559e+00  -1.215289e+00  -1.108687e+00  -1.002085e+00  -8.954830e-01  -7.888811e-01  -6.822791e-01  -5.756771e-01  -4.690751e-01  -3.624732e-01  -2.558712e-01  -1.098020e-01   3.667791e-02   1.831578e-01   3.296378e-01   4.761177e-01   4.413611e-01   4.047184e-01   3.680756e-01   3.314329e-01   2.947901e-01   3.107821e-01   3.273219e-01   3.438616e-01   3.604014e-01   3.769411e-01   3.771115e-01   3.771115e-01
  -3.043398e+00  -3.143002e+00  -3.242606e+00  -3.342210e+00  -3.441813e+00  -3.541417e+00  -3.641021e+00  -3.740625e+00  -3.840229e+00  -3.939833e+00  -4.039437e+00  -4.139041e+00  -4.238645e+00  -4.338249e+00  -4.437853e+00  -4.537457e+00  -4.637061e+00  -4.736665e+00  -4.836269e+00  -4.533107e+00  -4.225754e+00  -3.918400e+00  -3.611047e+00  -3.303694e+00  -2.996340e+00  -2.688987e+00  -2.381634e+00  -2.074280e+00  -1.766927e+00  -1.464989e+00  -1.163107e+00  -8.612258e-01  -5.593441e-01  -2.574624e-01  -2.820079e-01  -3.099506e-01  -3.378933e-01  -3.658360e-01  -3.937786e-01  -3.207748e-01  -2.467204e-01  -1.726659e-01  -9.861151e-02  -2.455709e-02  -2.379434e-02  -2.379434e-02
  -3.920551e+00  -3.962831e+00  -4.005110e+00  -4.047390e+00  -4.089669e+00  -4.131949e+00  -4.174229e+00  -4.216508e+00  -4.258788e+00  -4.301067e+00  -4.343347e+00  -4.385626e+00  -4.427906e+00  -4.470185e+00  -4.512465e+00  -4.554744e+00  -4.597024e+00  -4.639303e+00  -4.681583e+00  -4.507169e+00  -4.330499e+00  -4.153830e+00  -3.977160e+00  -3.800491e+00  -3.623822e+00  -3.447152e+00  -3.270483e+00  -3.093813e+00  -2.917144e+00  -2.665799e+00  -2.413678e+00  -2.161556e+00  -1.909434e+00  -1.657313e+00  -1.535996e+00  -1.416041e+00  -1.296085e+00  -1.176130e+00  -1.056175e+00  -8.988972e-01  -7.412314e-01  -5.835657e-01  -4.258999e-01  -2.682342e-01  -2.666103e-01  -2.666103e-01
  -4.204881e+00  -4.131671e+00  -4.058461e+00  -3.985251e+00  -3.912041e+00  -3.838830e+00  -3.765620e+00  -3.692410e+00  -3.619200e+00  -3.545990e+00  -3.472780e+00  -3.399569e+00  -3.326359e+00  -3.253149e+00  -3.179939e+00  -3.106729e+00  -3.033519e+00  -2.960309e+00  -2.887098e+00  -2.916927e+00  -2.947828e+00  -2.978729e+00  -3.009630e+00  -3.040531e+00  -3.071432e+00  -3.102333e+00  -3.133234e+00  -3.164135e+00  -3.195036e+00  -3.029715e+00  -2.862353e+00  -2.694990e+00  -2.527627e+00  -2.360265e+00  -2.222627e+00  -2.085298e+00  -1.947970e+00  -1.810641e+00  -1.673313e+00  -1.495452e+00  -1.317170e+00  -1.138888e+00  -9.606053e-01  -7.823230e-01  -7.804867e-01  -7.804867e-01
  -5.249817e+00  -5.195509e+00  -5.141201e+00  -5.086893e+00  -5.032586e+00  -4.978278e+00  -4.923970e+00  -4.869662e+00  -4.815354e+00  -4.761046e+00  -4.706738e+00  -4.652431e+00  -4.598123e+00  -4.543815e+00  -4.489507e+00  -4.435199e+00  -4.380891e+00  -4.326584e+00  -4.272276e+00  -4.373834e+00  -4.477014e+00  -4.580194e+00  -4.683374e+00  -4.786554e+00  -4.889734e+00  -4.992914e+00  -5.096094e+00  -5.199274e+00  -5.302454e+00  -5.031113e+00  -4.755874e+00  -4.480635e+00  -4.205396e+00  -3.930157e+00  -3.558665e+00  -3.186172e+00  -2.813679e+00  -2.441185e+00  -2.068692e+00  -1.902254e+00  -1.737960e+00  -1.573666e+00  -1.409372e+00  -1.245078e+00  -1.243386e+00  -1.243386e+00
  -4.967764e+00  -4.929776e+00  -4.891789e+00  -4.853801e+00  -4.815813e+00  -4.777826e+00  -4.739838e+00  -4.701850e+00  -4.663863e+00  -4.625875e+00  -4.587887e+00  -4.549900e+00  -4.511912e+00  -4.473924e+00  -4.435936e+00  -4.397949e+00  -4.359961e+00  -4.321973e+00  -4.283986e+00  -4.345645e+00  -4.408342e+00  -4.471038e+00  -4.533735e+00  -4.596431e+00  -4.659128e+00  -4.721824e+00  -4.784521e+00  -4.847217e+00  -4.909914e+00  -4.848976e+00  -4.786752e+00  -4.724528e+00  -4.662303e+00  -4.600079e+00  -4.103573e+00  -3.602548e+00  -3.101523e+00  -2.600497e+00  -2.099472e+00  -1.919136e+00  -1.742137e+00  -1.565139e+00  -1.388140e+00  -1.211141e+00  -1.209318e+00  -1.209318e+00
  -1.886212e+00  -1.889699e+00  -1.893187e+00  -1.896674e+00  -1.900162e+00  -1.903649e+00  -1.907137e+00  -1.910625e+00  -1.914112e+00  -1.917600e+00  -1.921087e+00  -1.924575e+00  -1.928062e+00  -1.931550e+00  -1.935038e+00  -1.938525e+00  -1.942013e+00  -1.945500e+00  -1.948988e+00  -1.917482e+00  -1.885612e+00  -1.853741e+00  -1.821871e+00  -1.790001e+00  -1.758131e+00  -1.726260e+00  -1.694390e+00  -1.662520e+00  -1.630650e+00  -1.710706e+00  -1.791928e+00  -1.873149e+00  -1.954371e+00  -2.035592e+00  -1.928429e+00  -1.819306e+00  -1.710182e+00  -1.601059e+00  -1.491935e+00  -1.306243e+00  -1.119755e+00  -9.332660e-01  -7.467774e-01  -5.602888e-01  -5.583680e-01  -5.583680e-01
   5.444903e-01   5.316590e-01   5.188277e-01   5.059964e-01   4.931651e-01   4.803338e-01   4.675025e-01   4.546712e-01   4.418399e-01   4.290086e-01   4.161773e-01   4.033460e-01   3.905147e-01   3.776834e-01   3.648520e-01   3.520207e-01   3.391894e-01   3.263581e-01   3.135268e-01   3.271753e-01   3.410994e-01   3.550235e-01   3.689476e-01   3.828717e-01   3.967958e-01   4.107199e-01   4.246439e-01   4.385680e-01   4.524921e-01   4.184499e-01   3.839084e-01   3.493670e-01   3.148255e-01   2.802841e-01   1.330943e-01  -1.526782e-02  -1.636299e-01  -3.119921e-01  -4.603542e-01  -2.685563e-01  -7.321838e-02   1.221196e-01   3.174575e-01   5.127955e-01   5.148074e-01   5.148074e-01
   1.906502e+00   1.927240e+00   1.947978e+00   1.968716e+00   1.989454e+00   2.010192e+00   2.030930e+00   2.051668e+00   2.072406e+00   2.093144e+00   2.113882e+00   2.134620e+00   2.155358e+00   2.176096e+00   2.196834e+00   2.217572e+00   2.238310e+00   2.259048e+00   2.279786e+00   2.305156e+00   2.330574e+00   2.355991e+00   2.381409e+00   2.406827e+00   2.432245e+00   2.457663e+00   2.483081e+00   2.508498e+00   2.533916e+00   2.319628e+00   2.102846e+00   1.886064e+00   1.669281e+00   1.452499e+00   1.434278e+00   1.418123e+00   1.401969e+00   1.385814e+00   1.369660e+00   1.292456e+00   1.214617e+00   1.136779e+00   1.058940e+00   9.811007e-01   9.802989e-01   9.802989e-01
   3.224913e+00   3.230715e+00   3.236517e+00   3.242320e+00   3.248122e+00   3.253924e+00   3.259726e+00   3.265528e+00   3.271331e+00   3.277133e+00   3.282935e+00   3.288737e+00   3.294540e+00   3.300342e+00   3.306144e+00   3.311946e+00   3.317748e+00   3.323551e+00   3.329353e+00   3.332226e+00   3.335068e+00   3.337910e+00   3.340753e+00   3.343595e+00   3.346438e+00   3.349280e+00   3.352122e+00   3.354965e+00   3.357807e+00   3.160415e+00   2.960940e+00   2.761465e+00   2.561989e+00   2.362514e+00   2.420112e+00   2.480387e+00   2.540661e+00   2.600935e+00   2.661209e+00   2.385308e+00   2.105908e+00   1.826508e+00   1.547107e+00   1.267707e+00   1.264829e+00   1.264829e+00
   4.043738e+00   4.041693e+00   4.039647e+00   4.037602e+00   4.035556e+00   4.033510e+00   4.031465e+00   4.029419e+00   4.027374e+00   4.025328e+00   4.023282e+00   4.021237e+00   4.019191e+00   4.017145e+00   4.015100e+00   4.013054e+00   4.011009e+00   4.008963e+00   4.006917e+00   3.929739e+00   3.851778e+00   3.773818e+00   3.695857e+00   3.617896e+00   3.539936e+00   3.461975e+00   3.384015e+00   3.306054e+00   3.228093e+00   3.152708e+00   3.077348e+00   3.001989e+00   2.926630e+00   2.851271e+00   2.733589e+00   2.615466e+00   2.497343e+00   2.379220e+00   2.261097e+00   2.034228e+00   1.806228e+00   1.578227e+00   1.350227e+00   1.122226e+00   1.119878e+00   1.119878e+00
   4.169049e+00   4.157880e+00   4.146711e+00   4.135542e+00   4.124373e+00   4.113204e+00   4.102035e+00   4.090866e+00   4.079697e+00   4.068528e+00   4.057359e+00   4.046190e+00   4.035021e+00   4.023852e+00   4.012682e+00   4.001513e+00   3.990344e+00   3.979175e+00   3.968006e+00   3.877027e+00   3.785216e+00   3.693406e+00   3.601596e+00   3.509785e+00   3.417975e+00   3.326165e+00   3.234354e+00   3.142544e+00   3.050734e+00   3.007560e+00   2.964893e+00   2.922226e+00   2.879558e+00   2.836891e+00   2.618550e+00   2.398381e+00   2.178211e+00   1.958042e+00   1.737873e+00   1.528146e+00   1.318528e+00   1.108911e+00   8.992927e-01   6.896749e-01   6.875159e-01   6.875159e-01
   3.962515e+00   3.956654e+00   3.950793e+00   3.944932e+00   3.939071e+00   3.933210e+00   3.927349e+00   3.921488e+00   3.915627e+00   3.909767e+00   3.903906e+00   3.898045e+00   3.892184e+00   3.886323e+00   3.880462e+00   3.874601e+00   3.868740e+00   3.862879e+00   3.857019e+00   3.776488e+00   3.695181e+00   3.613873e+00   3.532566e+00   3.451258e+00   3.369951e+00   3.288643e+00   3.207335e+00   3.126028e+00   3.044720e+00   2.946293e+00   2.847687e+00   2.749082e+00   2.650476e+00   2.551871e+00   2.307728e+00   2.062071e+00   1.816414e+00   1.570756e+00   1.325099e+00   1.132619e+00   9.406930e-01   7.487665e-01   5.568401e-01   3.649136e-01   3.629368e-01   3.629368e-01
   3.528174e+00   3.532847e+00   3.537519e+00   3.542192e+00   3.546865e+00   3.551538e+00   3.556211e+00   3.560884e+00   3.565557e+00   3.570230e+00   3.574903e+00   3.579576e+00   3.584249e+00   3.588922e+00   3.593595e+00   3.598268e+00   3.602941e+00   3.607614e+00   3.612287e+00   3.540669e+00   3.468258e+00   3.395847e+00   3.323436e+00   3.251025e+00   3.178613e+00   3.106202e+00   3.033791e+00   2.961380e+00   2.888969e+00   2.729393e+00   2.568911e+00   2.408428e+00   2.247945e+00   2.087463e+00   1.846365e+00   1.604428e+00   1.362491e+00   1.120554e+00   8.786166e-01   7.587089e-01   6.400711e-01   5.214334e-01   4.027957e-01   2.841579e-01   2.829360e-01   2.829360e-01
   2.836019e+00   2.834927e+00   2.833835e+00   2.832743e+00   2.831651e+00   2.830559e+00   2.829467e+00   2.828374e+00   2.827282e+00   2.826190e+00   2.825098e+00   2.824006e+00   2.822914e+00   2.821822e+00   2.820729e+00   2.819637e+00   2.818545e+00   2.817453e+00   2.816361e+00   2.749464e+00   2.681883e+00   2.614301e+00   2.546720e+00   2.479139e+00   2.411557e+00   2.343976e+00   2.276394e+00   2.208813e+00   2.141232e+00   1.975698e+00   1.809145e+00   1.642592e+00   1.476039e+00   1.309486e+00   1.137812e+00   9.660850e-01   7.943579e-01   6.226308e-01   4.509038e-01   4.210138e-01   3.925999e-01   3.641860e-01   3.357721e-01   3.073583e-01   3.070656e-01   3.070656e-01
   1.455819e+00   1.449247e+00   1.442674e+00   1.436101e+00   1.429528e+00   1.422956e+00   1.416383e+00   1.409810e+00   1.403237e+00   1.396664e+00   1.390092e+00   1.383519e+00   1.376946e+00   1.370373e+00   1.363800e+00   1.357228e+00   1.350655e+00   1.344082e+00   1.337509e+00   1.299995e+00   1.262158e+00   1.224321e+00   1.186484e+00   1.148647e+00   1.110810e+00   1.072974e+00   1.035137e+00   9.972999e-01   9.594630e-01   8.782934e-01   7.966728e-01   7.150521e-01   6.334315e-01   5.518109e-01   4.859103e-01   4.201732e-01   3.544362e-01   2.886992e-01   2.229622e-01   2.301930e-01   2.381833e-01   2.461736e-01   2.541638e-01   2.621541e-01   2.622364e-01   2.622364e-01
   2.621476e-02   4.015839e-03  -1.818308e-02  -4.038201e-02  -6.258093e-02  -8.477986e-02  -1.069788e-01  -1.291777e-01  -1.513766e-01  -1.735756e-01  -1.957745e-01  -2.179734e-01  -2.401723e-01  -2.623712e-01  -2.845702e-01  -3.067691e-01  -3.289680e-01  -3.511669e-01  -3.733659e-01  -3.695424e-01  -3.654482e-01  -3.613539e-01  -3.572597e-01  -3.531654e-01  -3.490712e-01  -3.449769e-01  -3.408827e-01  -3.367884e-01  -3.326942e-01  -2.538984e-01  -1.743252e-01  -9.475205e-02  -1.517886e-02   6.439433e-02   6.775647e-02   7.032547e-02   7.289447e-02   7.546347e-02   7.803247e-02   1.017009e-01   1.255889e-01   1.494770e-01   1.733650e-01   1.972530e-01   1.974991e-01   1.974991e-01
  -1.169394e+00  -1.166515e+00  -1.163637e+00  -1.160758e+00  -1.157879e+00  -1.155001e+00  -1.152122e+00  -1.149243e+00  -1.146365e+00  -1.143486e+00  -1.140607e+00  -1.137729e+00  -1.134850e+00  -1.131971e+00  -1.129093e+00  -1.126214e+00  -1.123335e+00  -1.120457e+00  -1.117578e+00  -1.087084e+00  -1.056303e+00  -1.025521e+00  -9.947396e-01  -9.639582e-01  -9.331767e-01  -9.023953e-01  -8.716138e-01  -8.408323e-01  -8.100509e-01  -7.289924e-01  -6.474107e-01  -5.658290e-01  -4.842473e-01  -4.026656e-01  -2.810300e-01  -1.589774e-01  -3.692492e-02   8.512760e-02   2.071801e-01   1.727737e-01   1.367390e-01   1.007042e-01   6.466949e-02   2.863476e-02   2.826360e-02   2.826360e-02
  -1.221548e+00  -1.197821e+00  -1.174093e+00  -1.150365e+00  -1.126637e+00  -1.102910e+00  -1.079182e+00  -1.055454e+00  -1.031727e+00  -1.007999e+00  -9.842711e-01  -9.605434e-01  -9.368156e-01  -9.130879e-01  -8.893602e-01  -8.656325e-01  -8.419048e-01  -8.181770e-01  -7.944493e-01  -7.397307e-01  -6.846895e-01  -6.296483e-01  -5.746072e-01  -5.195660e-01  -4.645249e-01  -4.094837e-01  -3.544425e-01  -2.994014e-01  -2.443602e-01  -2.052455e-01  -1.662965e-01  -1.273475e-01  -8.839854e-02  -4.944956e-02   3.213872e-02   1.141708e-01   1.962028e-01   2.782348e-01   3.602669e-01   3.684334e-01   3.758312e-01   3.832291e-01   3.906269e-01   3.980247e-01   3.981009e-01   3.981009e-01
   7.439995e-01   7.532534e-01   7.625073e-01   7.717612e-01   7.810151e-01   7.902690e-01   7.995230e-01   8.087769e-01   8.180308e-01   8.272847e-01   8.365386e-01   8.457925e-01   8.550464e-01   8.643004e-01   8.735543e-01   8.828082e-01   8.920621e-01   9.013160e-01   9.105699e-01   9.083896e-01   9.060902e-01   9.037909e-01   9.014915e-01   8.991922e-01   8.968928e-01   8.945934e-01   8.922941e-01   8.899947e-01   8.876954e-01   8.653006e-01   8.426966e-01   8.200927e-01   7.974888e-01   7.748848e-01   7.459600e-01   7.169693e-01   6.879786e-01   6.589880e-01   6.299973e-01   6.636746e-01   6.980041e-01   7.323336e-01   7.666631e-01   8.009926e-01   8.013462e-01   8.013462e-01
   2.775398e+00   2.780645e+00   2.785892e+00   2.791140e+00   2.796387e+00   2.801634e+00   2.806882e+00   2.812129e+00   2.817376e+00   2.822624e+00   2.827871e+00   2.833119e+00   2.838366e+00   2.843613e+00   2.848861e+00   2.854108e+00   2.859355e+00   2.864603e+00   2.869850e+00   2.794508e+00   2.718327e+00   2.642146e+00   2.565965e+00   2.489785e+00   2.413604e+00   2.337423e+00   2.261242e+00   2.185061e+00   2.108880e+00   1.986181e+00   1.862997e+00   1.739814e+00   1.616630e+00   1.493447e+00   1.456186e+00   1.419819e+00   1.383452e+00   1.347085e+00   1.310719e+00   1.272850e+00   1.234966e+00   1.197081e+00   1.159197e+00   1.121313e+00   1.120923e+00   1.120923e+00
   3.657625e+00   3.660978e+00   3.664331e+00   3.667684e+00   3.671037e+00   3.674389e+00   3.677742e+00   3.681095e+00   3.684448e+00   3.687801e+00   3.691154e+00   3.694507e+00   3.697860e+00   3.701213e+00   3.704566e+00   3.707919e+00   3.711272e+00   3.714625e+00   3.717977e+00   3.636458e+00   3.554055e+00   3.471653e+00   3.389250e+00   3.306847e+00   3.224445e+00   3.142042e+00   3.059639e+00   2.977236e+00   2.894834e+00   2.784695e+00   2.674268e+00   2.563840e+00   2.453413e+00   2.342986e+00   2.244056e+00   2.145246e+00   2.046436e+00   1.947626e+00   1.848817e+00   1.808796e+00   1.769388e+00   1.729979e+00   1.690571e+00   1.651162e+00   1.650756e+00   1.650756e+00
   3.968117e+00   3.961882e+00   3.955646e+00   3.949410e+00   3.943175e+00   3.936939e+00   3.930704e+00   3.924468e+00   3.918233e+00   3.911997e+00   3.905762e+00   3.899526e+00   3.893291e+00   3.887055e+00   3.880820e+00   3.874584e+00   3.868349e+00   3.862113e+00   3.855878e+00   3.788992e+00   3.721475e+00   3.653958e+00   3.586441e+00   3.518925e+00   3.451408e+00   3.383891e+00   3.316374e+00   3.248857e+00   3.181340e+00   3.073050e+00   2.964336e+00   2.855621e+00   2.746907e+00   2.638192e+00   2.516207e+00   2.394084e+00   2.271962e+00   2.149839e+00   2.027716e+00   2.009483e+00   1.992332e+00   1.975180e+00   1.958028e+00   1.940877e+00   1.940700e+00   1.940700e+00
   4.156679e+00   4.139244e+00   4.121809e+00   4.104374e+00   4.086940e+00   4.069505e+00   4.052070e+00   4.034635e+00   4.017200e+00   3.999765e+00   3.982330e+00   3.964896e+00   3.947461e+00   3.930026e+00   3.912591e+00   3.895156e+00   3.877721e+00   3.860286e+00   3.842851e+00   3.742876e+00   3.642041e+00   3.541207e+00   3.440372e+00   3.339538e+00   3.238703e+00   3.137868e+00   3.037034e+00   2.936199e+00   2.835365e+00   2.727926e+00   2.620419e+00   2.512911e+00   2.405404e+00   2.297896e+00   2.230164e+00   2.162846e+00   2.095527e+00   2.028209e+00   1.960890e+00   1.943753e+00   1.927137e+00   1.910522e+00   1.893906e+00   1.877291e+00   1.877120e+00   1.877120e+00
   4.015265e+00   3.990829e+00   3.966394e+00   3.941958e+00   3.917522e+00   3.893086e+00   3.868650e+00   3.844215e+00   3.819779e+00   3.795343e+00   3.770907e+00   3.746471e+00   3.722036e+00   3.697600e+00   3.673164e+00   3.648728e+00   3.624292e+00   3.599857e+00   3.575421e+00   3.450615e+00   3.324764e+00   3.198913e+00   3.073063e+00   2.947212e+00   2.821361e+00   2.695511e+00   2.569660e+00   2.443810e+00   2.317959e+00   2.236299e+00   2.155098e+00   2.073898e+00   1.992697e+00   1.911497e+00   1.863291e+00   1.815428e+00   1.767565e+00   1.719702e+00   1.671839e+00   1.628541e+00   1.585291e+00   1.542042e+00   1.498792e+00   1.455542e+00   1.455097e+00   1.455097e+00
   3.760582e+00   3.728515e+00   3.696447e+00   3.664380e+00   3.632312e+00   3.600245e+00   3.568177e+00   3.536110e+00   3.504042e+00   3.471975e+00   3.439907e+00   3.407840e+00   3.375772e+00   3.343705e+00   3.311637e+00   3.279570e+00   3.247502e+00   3.215435e+00   3.183367e+00   3.074099e+00   2.964028e+00   2.853956e+00   2.743885e+00   2.633814e+00   2.523742e+00   2.413671e+00   2.303599e+00   2.193528e+00   2.083457e+00   1.975226e+00   1.867015e+00   1.758804e+00   1.650593e+00   1.542382e+00   1.485121e+00   1.428389e+00   1.371658e+00   1.314927e+00   1.258196e+00   1.240265e+00   1.222738e+00   1.205211e+00   1.187684e+00   1.170157e+00   1.169977e+00   1.169977e+00
   3.681576e+00   3.645721e+00   3.609865e+00   3.574010e+00   3.538155e+00   3.502300e+00   3.466445e+00   3.430589e+00   3.394734e+00   3.358879e+00   3.323024e+00   3.287169e+00   3.251314e+00   3.215458e+00   3.179603e+00   3.143748e+00   3.107893e+00   3.072038e+00   3.036182e+00   2.930156e+00   2.823399e+00   2.716642e+00   2.609885e+00   2.503128e+00   2.396371e+00   2.289614e+00   2.182857e+00   2.076100e+00   1.969343e+00   1.836741e+00   1.703870e+00   1.570999e+00   1.438128e+00   1.305257e+00   1.293991e+00   1.283990e+00   1.273989e+00   1.263988e+00   1.253987e+00   1.251757e+00   1.249608e+00   1.247459e+00   1.245311e+00   1.243162e+00   1.243140e+00   1.243140e+00
   3.546378e+00   3.515519e+00   3.484660e+00   3.453802e+00   3.422943e+00   3.392084e+00   3.361225e+00   3.330366e+00   3.299508e+00   3.268649e+00   3.237790e+00   3.206931e+00   3.176073e+00   3.145214e+00   3.114355e+00   3.083496e+00   3.052638e+00   3.021779e+00   2.990920e+00   2.887250e+00   2.782822e+00   2.678394e+00   2.573966e+00   2.469538e+00   2.365110e+00   2.260682e+00   2.156254e+00   2.051826e+00   1.947397e+00   1.859227e+00   1.771225e+00   1.683224e+00   1.595222e+00   1.507221e+00   1.505344e+00   1.504363e+00   1.503383e+00   1.502402e+00   1.501422e+00   1.487326e+00   1.473093e+00   1.458860e+00   1.444628e+00   1.430395e+00   1.430248e+00   1.430248e+00
   3.358091e+00   3.337874e+00   3.317658e+00   3.297441e+00   3.277225e+00   3.257008e+00   3.236792e+00   3.216575e+00   3.196359e+00   3.176142e+00   3.155926e+00   3.135709e+00   3.115493e+00   3.095276e+00   3.075060e+00   3.054843e+00   3.034627e+00   3.014410e+00   2.994194e+00   2.915267e+00   2.835729e+00   2.756191e+00   2.676653e+00   2.597115e+00   2.517577e+00   2.438039e+00   2.358501e+00   2.278963e+00   2.199425e+00   2.163139e+00   2.127303e+00   2.091466e+00   2.055630e+00   2.019794e+00   2.000966e+00   1.982315e+00   1.963664e+00   1.945013e+00   1.926362e+00   1.902190e+00   1.877960e+00   1.853730e+00   1.829500e+00   1.805270e+00   1.805020e+00   1.805020e+00
   3.144926e+00   3.143703e+00   3.142480e+00   3.141257e+00   3.140034e+00   3.138812e+00   3.137589e+00   3.136366e+00   3.135143e+00   3.133920e+00   3.132698e+00   3.131475e+00   3.130252e+00   3.129029e+00   3.127806e+00   3.126584e+00   3.125361e+00   3.124138e+00   3.122915e+00   3.096916e+00   3.070658e+00   3.044401e+00   3.018144e+00   2.991886e+00   2.965629e+00   2.939372e+00   2.913114e+00   2.886857e+00   2.860600e+00   2.857773e+00   2.855190e+00   2.852607e+00   2.850024e+00   2.847441e+00   2.816441e+00   2.785146e+00   2.753850e+00   2.722555e+00   2.691259e+00   2.678705e+00   2.666346e+00   2.653987e+00   2.641628e+00   2.629270e+00   2.629142e+00   2.629142e+00
   3.022179e+00   3.044718e+00   3.067256e+00   3.089795e+00   3.112334e+00   3.134872e+00   3.157411e+00   3.179949e+00   3.202488e+00   3.225027e+00   3.247565e+00   3.270104e+00   3.292643e+00   3.315181e+00   3.337720e+00   3.360258e+00   3.382797e+00   3.405336e+00   3.427874e+00   3.477588e+00   3.527585e+00   3.577582e+00   3.627579e+00   3.677576e+00   3.727572e+00   3.777569e+00   3.827566e+00   3.877563e+00   3.927560e+00   3.951295e+00   3.974757e+00   3.998219e+00   4.021681e+00   4.045143e+00   4.000581e+00   3.955311e+00   3.910042e+00   3.864772e+00   3.819502e+00   3.846445e+00   3.874139e+00   3.901833e+00   3.929527e+00   3.957221e+00   3.957506e+00   3.957506e+00
   3.011494e+00   3.039197e+00   3.066901e+00   3.094605e+00   3.122309e+00   3.150013e+00   3.177716e+00   3.205420e+00   3.233124e+00   3.260828e+00   3.288532e+00   3.316235e+00   3.343939e+00   3.371643e+00   3.399347e+00   3.427051e+00   3.454754e+00   3.482458e+00   3.510162e+00   3.614240e+00   3.719114e+00   3.823987e+00   3.928860e+00   4.033734e+00   4.138607e+00   4.243480e+00   4.348354e+00   4.453227e+00   4.558100e+00   4.614712e+00   4.670821e+00   4.726931e+00   4.783040e+00   4.839149e+00   4.859865e+00   4.880213e+00   4.900560e+00   4.920908e+00   4.941256e+00   4.950092e+00   4.958809e+00   4.967526e+00   4.976243e+00   4.984960e+00   4.985050e+00   4.985050e+00
   2.969951e+00   2.986400e+00   3.002849e+00   3.019299e+00   3.035748e+00   3.052198e+00   3.068647e+00   3.085096e+00   3.101546e+00   3.117995e+00   3.134445e+00   3.150894e+00   3.167344e+00   3.183793e+00   3.200242e+00   3.216692e+00   3.233141e+00   3.249591e+00   3.266040e+00   3.370704e+00   3.476285e+00   3.581867e+00   3.687449e+00   3.793031e+00   3.898613e+00   4.004194e+00   4.109776e+00   4.215358e+00   4.320940e+00   4.352869e+00   4.384032e+00   4.415195e+00   4.446358e+00   4.477521e+00   4.530527e+00   4.583761e+00   4.636995e+00   4.690229e+00   4.743463e+00   4.749930e+00   4.755910e+00   4.761890e+00   4.767871e+00   4.773851e+00   4.773912e+00   4.773912e+00
   2.799543e+00   2.804794e+00   2.810045e+00   2.815296e+00   2.820547e+00   2.825798e+00   2.831050e+00   2.836301e+00   2.841552e+00   2.846803e+00   2.852054e+00   2.857305e+00   2.862556e+00   2.867807e+00   2.873058e+00   2.878309e+00   2.883560e+00   2.888811e+00   2.894062e+00   2.944965e+00   2.996343e+00   3.047721e+00   3.099099e+00   3.150476e+00   3.201854e+00   3.253232e+00   3.304610e+00   3.355988e+00   3.407366e+00   3.407974e+00   3.408054e+00   3.408134e+00   3.408214e+00   3.408294e+00   3.445709e+00   3.483513e+00   3.521317e+00   3.559121e+00   3.596925e+00   3.573614e+00   3.549667e+00   3.525720e+00   3.501772e+00   3.477825e+00   3.477579e+00   3.477579e+00
   2.611613e+00   2.606928e+00   2.602243e+00   2.597557e+00   2.592872e+00   2.588187e+00   2.583502e+00   2.578817e+00   2.574131e+00   2.569446e+00   2.564761e+00   2.560076e+00   2.555391e+00   2.550705e+00   2.546020e+00   2.541335e+00   2.536650e+00   2.531965e+00   2.527279e+00   2.529164e+00   2.531118e+00   2.533071e+00   2.535025e+00   2.536978e+00   2.538932e+00   2.540885e+00   2.542839e+00   2.544792e+00   2.546746e+00   2.540505e+00   2.534180e+00   2.527854e+00   2.521528e+00   2.515202e+00   2.528515e+00   2.542032e+00   2.555549e+00   2.569067e+00   2.582584e+00   2.560551e+00   2.538147e+00   2.515744e+00   2.493341e+00   2.470938e+00   2.470707e+00   2.470707e+00
   2.479413e+00   2.473709e+00   2.468004e+00   2.462300e+00   2.456595e+00   2.450891e+00   2.445187e+00   2.439482e+00   2.433778e+00   2.428074e+00   2.422369e+00   2.416665e+00   2.410960e+00   2.405256e+00   2.399552e+00   2.393847e+00   2.388143e+00   2.382438e+00   2.376734e+00   2.374832e+00   2.372970e+00   2.371108e+00   2.369246e+00   2.367384e+00   2.365522e+00   2.363660e+00   2.361798e+00   2.359936e+00   2.358074e+00   2.325809e+00   2.293228e+00   2.260647e+00   2.228066e+00   2.195485e+00   2.206573e+00   2.218115e+00   2.229657e+00   2.241199e+00   2.252741e+00   2.260226e+00   2.267670e+00   2.275114e+00   2.282557e+00   2.290001e+00   2.290077e+00   2.290077e+00
   2.343617e+00   2.342449e+00   2.341282e+00   2.340115e+00   2.338947e+00   2.337780e+00   2.336613e+00   2.335445e+00   2.334278e+00   2.333111e+00   2.331943e+00   2.330776e+00   2.329609e+00   2.328441e+00   2.327274e+00   2.326107e+00   2.324939e+00   2.323772e+00   2.322605e+00   2.333690e+00   2.344904e+00   2.356117e+00   2.367331e+00   2.378544e+00   2.389757e+00   2.400971e+00   2.412184e+00   2.423398e+00   2.434611e+00   2.436624e+00   2.438541e+00   2.440458e+00   2.442375e+00   2.444292e+00   2.442556e+00   2.440782e+00   2.439009e+00   2.437235e+00   2.435461e+00   2.456123e+00   2.477018e+00   2.497913e+00   2.518809e+00   2.539704e+00   2.539919e+00   2.539919e+00
   2.286196e+00   2.285478e+00   2.284761e+00   2.284043e+00   2.283326e+00   2.282609e+00   2.281891e+00   2.281174e+00   2.280457e+00   2.279739e+00   2.279022e+00   2.278304e+00   2.277587e+00   2.276870e+00   2.276152e+00   2.275435e+00   2.274718e+00   2.274000e+00   2.273283e+00   2.291227e+00   2.309366e+00   2.327505e+00   2.345643e+00   2.363782e+00   2.381920e+00   2.400059e+00   2.418198e+00   2.436336e+00   2.454475e+00   2.481496e+00   2.508610e+00   2.535724e+00   2.562838e+00   2.589952e+00   2.568156e+00   2.545852e+00   2.523548e+00   2.501243e+00   2.478939e+00   2.506110e+00   2.533796e+00   2.561483e+00   2.589169e+00   2.616855e+00   2.617140e+00   2.617140e+00
   2.198908e+00   2.203033e+00   2.207158e+00   2.211283e+00   2.215408e+00   2.219533e+00   2.223658e+00   2.227783e+00   2.231908e+00   2.236033e+00   2.240158e+00   2.244283e+00   2.248408e+00   2.252533e+00   2.256658e+00   2.260783e+00   2.264908e+00   2.269033e+00   2.273158e+00   2.273696e+00   2.274195e+00   2.274695e+00   2.275195e+00   2.275695e+00   2.276195e+00   2.276695e+00   2.277195e+00   2.277695e+00   2.278195e+00   2.283064e+00   2.287978e+00   2.292893e+00   2.297807e+00   2.302722e+00   2.306616e+00   2.310500e+00   2.314384e+00   2.318268e+00   2.322152e+00   2.311468e+00   2.300631e+00   2.289795e+00   2.278959e+00   2.268123e+00   2.268011e+00   2.268011e+00
   2.130960e+00   2.138257e+00   2.145555e+00   2.152852e+00   2.160149e+00   2.167447e+00   2.174744e+00   2.182041e+00   2.189338e+00   2.196636e+00   2.203933e+00   2.211230e+00   2.218528e+00   2.225825e+00   2.233122e+00   2.240420e+00   2.247717e+00   2.255014e+00   2.262312e+00   2.243665e+00   2.224749e+00   2.205833e+00   2.186916e+00   2.168000e+00   2.149084e+00   2.130168e+00   2.111251e+00   2.092335e+00   2.073419e+00   2.081166e+00   2.089190e+00   2.097214e+00   2.105239e+00   2.113263e+00   2.110820e+00   2.108269e+00   2.105717e+00   2.103165e+00   2.100614e+00   2.081386e+00   2.061985e+00   2.042585e+00   2.023184e+00   2.003783e+00   2.003583e+00   2.003583e+00
   2.096804e+00   2.100298e+00   2.103791e+00   2.107284e+00   2.110777e+00   2.114270e+00   2.117763e+00   2.121256e+00   2.124749e+00   2.128242e+00   2.131735e+00   2.135228e+00   2.138722e+00   2.142215e+00   2.145708e+00   2.149201e+00   2.152694e+00   2.156187e+00   2.159680e+00   2.144014e+00   2.128149e+00   2.112283e+00   2.096418e+00   2.080552e+00   2.064687e+00   2.048822e+00   2.032956e+00   2.017091e+00   2.001225e+00   2.015223e+00   2.029532e+00   2.043841e+00   2.058150e+00   2.072459e+00   2.069087e+00   2.065530e+00   2.061974e+00   2.058417e+00   2.054861e+00   2.056240e+00   2.057670e+00   2.059100e+00   2.060530e+00   2.061961e+00   2.061975e+00   2.061975e+00
   2.053463e+00   2.053989e+00   2.054514e+00   2.055040e+00   2.055566e+00   2.056092e+00   2.056618e+00   2.057144e+00   2.057669e+00   2.058195e+00   2.058721e+00   2.059247e+00   2.059773e+00   2.060298e+00   2.060824e+00   2.061350e+00   2.061876e+00   2.062402e+00   2.062928e+00   2.062104e+00   2.061267e+00   2.060429e+00   2.059592e+00   2.058754e+00   2.057917e+00   2.057079e+00   2.056242e+00   2.055404e+00   2.054567e+00   2.070417e+00   2.086440e+00   2.102463e+00   2.118487e+00   2.134510e+00   2.122889e+00   2.110980e+00   2.099072e+00   2.087163e+00   2.075255e+00   2.102347e+00   2.129845e+00   2.157343e+00   2.184841e+00   2.212339e+00   2.212622e+00   2.212622e+00
   2.022304e+00   2.024287e+00   2.026269e+00   2.028252e+00   2.030234e+00   2.032216e+00   2.034199e+00   2.036181e+00   2.038164e+00   2.040146e+00   2.042129e+00   2.044111e+00   2.046094e+00   2.048076e+00   2.050059e+00   2.052041e+00   2.054024e+00   2.056006e+00   2.057989e+00   2.068358e+00   2.078816e+00   2.089273e+00   2.099730e+00   2.110187e+00   2.120644e+00   2.131102e+00   2.141559e+00   2.152016e+00   2.162473e+00   2.184669e+00   2.206986e+00   2.229304e+00   2.251622e+00   2.273939e+00   2.266163e+00   2.258073e+00   2.249983e+00   2.241893e+00   2.233804e+00   2.238989e+00   2.244312e+00   2.249635e+00   2.254958e+00   2.260281e+00   2.260336e+00   2.260336e+00
   1.961924e+00   1.967253e+00   1.972583e+00   1.977912e+00   1.983241e+00   1.988571e+00   1.993900e+00   1.999230e+00   2.004559e+00   2.009889e+00   2.015218e+00   2.020547e+00   2.025877e+00   2.031206e+00   2.036536e+00   2.041865e+00   2.047195e+00   2.052524e+00   2.057854e+00   2.078348e+00   2.099001e+00   2.119654e+00   2.140307e+00   2.160959e+00   2.181612e+00   2.202265e+00   2.222918e+00   2.243571e+00   2.264223e+00   2.293986e+00   2.323844e+00   2.353702e+00   2.383560e+00   2.413418e+00   2.411070e+00   2.408386e+00   2.405703e+00   2.403019e+00   2.400335e+00   2.393633e+00   2.386888e+00   2.380144e+00   2.373400e+00   2.366655e+00   2.366586e+00   2.366586e+00
   1.923119e+00   1.930599e+00   1.938079e+00   1.945559e+00   1.953039e+00   1.960519e+00   1.968000e+00   1.975480e+00   1.982960e+00   1.990440e+00   1.997920e+00   2.005400e+00   2.012881e+00   2.020361e+00   2.027841e+00   2.035321e+00   2.042801e+00   2.050281e+00   2.057761e+00   2.089215e+00   2.120917e+00   2.152620e+00   2.184323e+00   2.216025e+00   2.247728e+00   2.279431e+00   2.311133e+00   2.342836e+00   2.374539e+00   2.398712e+00   2.422807e+00   2.446902e+00   2.470996e+00   2.495091e+00   2.475492e+00   2.455439e+00   2.435385e+00   2.415331e+00   2.395277e+00   2.423497e+00   2.452219e+00   2.480941e+00   2.509663e+00   2.538385e+00   2.538681e+00   2.538681e+00
   1.926040e+00   1.933321e+00   1.940601e+00   1.947882e+00   1.955163e+00   1.962444e+00   1.969724e+00   1.977005e+00   1.984286e+00   1.991567e+00   1.998847e+00   2.006128e+00   2.013409e+00   2.020690e+00   2.027970e+00   2.035251e+00   2.042532e+00   2.049813e+00   2.057093e+00   2.107815e+00   2.158990e+00   2.210164e+00   2.261338e+00   2.312512e+00   2.363687e+00   2.414861e+00   2.466035e+00   2.517209e+00   2.568384e+00   2.572584e+00   2.576295e+00   2.580006e+00   2.583717e+00   2.587428e+00   2.590183e+00   2.592928e+00   2.595674e+00   2.598419e+00   2.601164e+00   2.639815e+00   2.678840e+00   2.717864e+00   2.756889e+00   2.795914e+00   2.796316e+00   2.796316e+00
   1.925892e+00   1.933136e+00   1.940380e+00   1.947625e+00   1.954869e+00   1.962113e+00   1.969357e+00   1.976601e+00   1.983845e+00   1.991089e+00   1.998334e+00   2.005578e+00   2.012822e+00   2.020066e+00   2.027310e+00   2.034554e+00   2.041799e+00   2.049043e+00   2.056287e+00   2.121852e+00   2.188023e+00   2.254195e+00   2.320367e+00   2.386538e+00   2.452710e+00   2.518881e+00   2.585053e+00   2.651225e+00   2.717396e+00   2.750084e+00   2.782422e+00   2.814761e+00   2.847099e+00   2.879438e+00   2.906767e+00   2.934044e+00   2.961321e+00   2.988598e+00   3.015875e+00   3.019380e+00   3.022637e+00   3.025894e+00   3.029151e+00   3.032408e+00   3.032441e+00   3.032441e+00
   1.878545e+00   1.888412e+00   1.898278e+00   1.908144e+00   1.918010e+00   1.927876e+00   1.937742e+00   1.947609e+00   1.957475e+00   1.967341e+00   1.977207e+00   1.987073e+00   1.996939e+00   2.006805e+00   2.016672e+00   2.026538e+00   2.036404e+00   2.046270e+00   2.056136e+00   2.135173e+00   2.214929e+00   2.294686e+00   2.374442e+00   2.454199e+00   2.533955e+00   2.613711e+00   2.693468e+00   2.773224e+00   2.852981e+00   2.919631e+00   2.986145e+00   3.052658e+00   3.119172e+00   3.185686e+00   3.264674e+00   3.343791e+00   3.422909e+00   3.502027e+00   3.581145e+00   3.523044e+00   3.463515e+00   3.403986e+00   3.344458e+00   3.284929e+00   3.284316e+00   3.284316e+00
   1.827887e+00   1.840324e+00   1.852761e+00   1.865199e+00   1.877636e+00   1.890074e+00   1.902511e+00   1.914949e+00   1.927386e+00   1.939823e+00   1.952261e+00   1.964698e+00   1.977136e+00   1.989573e+00   2.002011e+00   2.014448e+00   2.026886e+00   2.039323e+00   2.051760e+00   2.149875e+00   2.248882e+00   2.347889e+00   2.446895e+00   2.545902e+00   2.644908e+00   2.743915e+00   2.842921e+00   2.941928e+00   3.040935e+00   3.122566e+00   3.204017e+00   3.285468e+00   3.366919e+00   3.448370e+00   3.575316e+00   3.702735e+00   3.830154e+00   3.957574e+00   4.084993e+00   4.050514e+00   4.014350e+00   3.978186e+00   3.942022e+00   3.905858e+00   3.905486e+00   3.905486e+00
   1.818683e+00   1.829388e+00   1.840094e+00   1.850799e+00   1.861505e+00   1.872210e+00   1.882916e+00   1.893621e+00   1.904327e+00   1.915032e+00   1.925737e+00   1.936443e+00   1.947148e+00   1.957854e+00   1.968559e+00   1.979265e+00   1.989970e+00   2.000675e+00   2.011381e+00   2.109056e+00   2.207637e+00   2.306218e+00   2.404798e+00   2.503379e+00   2.601960e+00   2.700540e+00   2.799121e+00   2.897702e+00   2.996282e+00   3.146479e+00   3.297213e+00   3.447948e+00   3.598682e+00   3.749416e+00   3.784568e+00   3.818518e+00   3.852467e+00   3.886416e+00   3.920366e+00   3.982925e+00   4.045781e+00   4.108638e+00   4.171494e+00   4.234351e+00   4.234998e+00   4.234998e+00
   1.814950e+00   1.823781e+00   1.832611e+00   1.841442e+00   1.850272e+00   1.859103e+00   1.867933e+00   1.876764e+00   1.885594e+00   1.894425e+00   1.903255e+00   1.912086e+00   1.920916e+00   1.929747e+00   1.938577e+00   1.947408e+00   1.956238e+00   1.965069e+00   1.973899e+00   2.047118e+00   2.121008e+00   2.194897e+00   2.268787e+00   2.342676e+00   2.416565e+00   2.490455e+00   2.564344e+00   2.638234e+00   2.712123e+00   2.855719e+00   3.000041e+00   3.144363e+00   3.288684e+00   3.433006e+00   3.488302e+00   3.542672e+00   3.597042e+00   3.651411e+00   3.705781e+00   3.747143e+00   3.788370e+00   3.829597e+00   3.870824e+00   3.912051e+00   3.912476e+00   3.912476e+00
   1.810356e+00   1.816927e+00   1.823498e+00   1.830070e+00   1.836641e+00   1.843213e+00   1.849784e+00   1.856356e+00   1.862927e+00   1.869498e+00   1.876070e+00   1.882641e+00   1.889213e+00   1.895784e+00   1.902355e+00   1.908927e+00   1.915498e+00   1.922070e+00   1.928641e+00   1.979571e+00   2.030963e+00   2.082355e+00   2.133747e+00   2.185139e+00   2.236531e+00   2.287923e+00   2.339314e+00   2.390706e+00   2.442098e+00   2.540874e+00   2.640144e+00   2.739413e+00   2.838682e+00   2.937952e+00   3.040256e+00   3.142593e+00   3.244929e+00   3.347265e+00   3.449602e+00   3.475518e+00   3.500640e+00   3.525762e+00   3.550883e+00   3.576005e+00   3.576264e+00   3.576264e+00
   1.800497e+00   1.802114e+00   1.803731e+00   1.805347e+00   1.806964e+00   1.808581e+00   1.810197e+00   1.811814e+00   1.813431e+00   1.815047e+00   1.816664e+00   1.818281e+00   1.819897e+00   1.821514e+00   1.823131e+00   1.824747e+00   1.826364e+00   1.827981e+00   1.829597e+00   1.860220e+00   1.891144e+00   1.922068e+00   1.952992e+00   1.983916e+00   2.014840e+00   2.045764e+00   2.076688e+00   2.107612e+00   2.138536e+00   2.238617e+00   2.339418e+00   2.440219e+00   2.541020e+00   2.641820e+00   2.687524e+00   2.732654e+00   2.777785e+00   2.822915e+00   2.868045e+00   2.922729e+00   2.977512e+00   3.032295e+00   3.087078e+00   3.141861e+00   3.142425e+00   3.142425e+00
   1.795005e+00   1.793860e+00   1.792715e+00   1.791570e+00   1.790425e+00   1.789280e+00   1.788136e+00   1.786991e+00   1.785846e+00   1.784701e+00   1.783556e+00   1.782411e+00   1.781267e+00   1.780122e+00   1.778977e+00   1.777832e+00   1.776687e+00   1.775542e+00   1.774398e+00   1.791344e+00   1.808478e+00   1.825612e+00   1.842746e+00   1.859881e+00   1.877015e+00   1.894149e+00   1.911283e+00   1.928418e+00   1.945552e+00   1.991629e+00   2.038007e+00   2.084385e+00   2.130763e+00   2.177141e+00   2.216285e+00   2.255353e+00   2.294421e+00   2.333490e+00   2.372558e+00   2.408238e+00   2.443882e+00   2.479526e+00   2.515171e+00   2.550815e+00   2.551182e+00   2.551182e+00
   1.744098e+00   1.744937e+00   1.745775e+00   1.746614e+00   1.747452e+00   1.748290e+00   1.749129e+00   1.749967e+00   1.750805e+00   1.751644e+00   1.752482e+00   1.753320e+00   1.754159e+00   1.754997e+00   1.755836e+00   1.756674e+00   1.757512e+00   1.758351e+00   1.759189e+00   1.773504e+00   1.787958e+00   1.802413e+00   1.816868e+00   1.831323e+00   1.845778e+00   1.860232e+00   1.874687e+00   1.889142e+00   1.903597e+00   1.921065e+00   1.938564e+00   1.956064e+00   1.973563e+00   1.991062e+00   1.990562e+00   1.989875e+00   1.989187e+00   1.988500e+00   1.987812e+00   2.007939e+00   2.028283e+00   2.048626e+00   2.068970e+00   2.089314e+00   2.089523e+00   2.089523e+00
   1.669803e+00   1.673116e+00   1.676429e+00   1.679741e+00   1.683054e+00   1.686367e+00   1.689680e+00   1.692993e+00   1.696305e+00   1.699618e+00   1.702931e+00   1.706244e+00   1.709556e+00   1.712869e+00   1.716182e+00   1.719495e+00   1.722808e+00   1.726120e+00   1.729433e+00   1.736234e+00   1.743072e+00   1.749910e+00   1.756748e+00   1.763585e+00   1.770423e+00   1.777261e+00   1.784098e+00   1.790936e+00   1.797774e+00   1.820988e+00   1.844373e+00   1.867758e+00   1.891142e+00   1.914527e+00   1.889952e+00   1.864878e+00   1.839803e+00   1.814729e+00   1.789655e+00   1.797120e+00   1.804925e+00   1.812729e+00   1.820534e+00   1.828338e+00   1.828419e+00   1.828419e+00
   1.646428e+00   1.650238e+00   1.654048e+00   1.657858e+00   1.661667e+00   1.665477e+00   1.669287e+00   1.673097e+00   1.676907e+00   1.680717e+00   1.684527e+00   1.688337e+00   1.692147e+00   1.695956e+00   1.699766e+00   1.703576e+00   1.707386e+00   1.711196e+00   1.715006e+00   1.712572e+00   1.710073e+00   1.707574e+00   1.705075e+00   1.702576e+00   1.700078e+00   1.697579e+00   1.695080e+00   1.692581e+00   1.690082e+00   1.696475e+00   1.702961e+00   1.709446e+00   1.715932e+00   1.722418e+00   1.712692e+00   1.702797e+00   1.692902e+00   1.683007e+00   1.673112e+00   1.675206e+00   1.677424e+00   1.679643e+00   1.681861e+00   1.684080e+00   1.684103e+00   1.684103e+00
   1.646518e+00   1.650323e+00   1.654128e+00   1.657933e+00   1.661737e+00   1.665542e+00   1.669347e+00   1.673152e+00   1.676957e+00   1.680762e+00   1.684567e+00   1.688372e+00   1.692177e+00   1.695981e+00   1.699786e+00   1.703591e+00   1.707396e+00   1.711201e+00   1.715006e+00   1.705549e+00   1.695954e+00   1.686359e+00   1.676764e+00   1.667169e+00   1.657574e+00   1.647979e+00   1.638383e+00   1.628788e+00   1.619193e+00   1.618857e+00   1.618617e+00   1.618377e+00   1.618137e+00   1.617898e+00   1.631169e+00   1.644582e+00   1.657994e+00   1.671407e+00   1.684819e+00   1.687221e+00   1.689508e+00   1.691796e+00   1.694083e+00   1.696370e+00   1.696394e+00   1.696394e+00
   1.646500e+00   1.650295e+00   1.654089e+00   1.657883e+00   1.661678e+00   1.665472e+00   1.669266e+00   1.673061e+00   1.676855e+00   1.680649e+00   1.684443e+00   1.688238e+00   1.692032e+00   1.695826e+00   1.699621e+00   1.703415e+00   1.707209e+00   1.711004e+00   1.714798e+00   1.708315e+00   1.701725e+00   1.695135e+00   1.688545e+00   1.681955e+00   1.675365e+00   1.668776e+00   1.662186e+00   1.655596e+00   1.649006e+00   1.645632e+00   1.642292e+00   1.638952e+00   1.635612e+00   1.632271e+00   1.672096e+00   1.712369e+00   1.752643e+00   1.792916e+00   1.833190e+00   1.829328e+00   1.825006e+00   1.820684e+00   1.816363e+00   1.812041e+00   1.811997e+00   1.811997e+00
   1.641384e+00   1.643105e+00   1.644827e+00   1.646548e+00   1.648269e+00   1.649991e+00   1.651712e+00   1.653434e+00   1.655155e+00   1.656877e+00   1.658598e+00   1.660320e+00   1.662041e+00   1.663763e+00   1.665484e+00   1.667205e+00   1.668927e+00   1.670648e+00   1.672370e+00   1.677301e+00   1.682265e+00   1.687230e+00   1.692194e+00   1.697158e+00   1.702123e+00   1.707087e+00   1.712052e+00   1.717016e+00   1.721981e+00   1.744437e+00   1.767075e+00   1.789713e+00   1.812351e+00   1.834989e+00   1.858378e+00   1.881776e+00   1.905173e+00   1.928570e+00   1.951968e+00   1.954800e+00   1.957418e+00   1.960035e+00   1.962653e+00   1.965271e+00   1.965298e+00   1.965298e+00
   1.614653e+00   1.615134e+00   1.615614e+00   1.616095e+00   1.616575e+00   1.617055e+00   1.617536e+00   1.618016e+00   1.618497e+00   1.618977e+00   1.619458e+00   1.619938e+00   1.620419e+00   1.620899e+00   1.621379e+00   1.621860e+00   1.622340e+00   1.622821e+00   1.623301e+00   1.637036e+00   1.650908e+00   1.664780e+00   1.678653e+00   1.692525e+00   1.706398e+00   1.720270e+00   1.734143e+00   1.748015e+00   1.761887e+00   1.804279e+00   1.846967e+00   1.889655e+00   1.932343e+00   1.975032e+00   1.995630e+00   2.015998e+00   2.036367e+00   2.056735e+00   2.077104e+00   2.085094e+00   2.092956e+00   2.100817e+00   2.108679e+00   2.116541e+00   2.116622e+00   2.116622e+00
   1.591881e+00   1.593253e+00   1.594624e+00   1.595995e+00   1.597367e+00   1.598738e+00   1.600109e+00   1.601480e+00   1.602852e+00   1.604223e+00   1.605594e+00   1.606966e+00   1.608337e+00   1.609708e+00   1.611080e+00   1.612451e+00   1.613822e+00   1.615194e+00   1.616565e+00   1.646573e+00   1.676879e+00   1.707185e+00   1.737491e+00   1.767797e+00   1.798103e+00   1.828409e+00   1.858715e+00   1.889021e+00   1.919327e+00   1.951358e+00   1.983407e+00   2.015456e+00   2.047505e+00   2.079554e+00   2.137905e+00   2.196530e+00   2.255155e+00   2.313780e+00   2.372405e+00   2.386508e+00   2.400148e+00   2.413787e+00   2.427427e+00   2.441067e+00   2.441207e+00   2.441207e+00
   1.590888e+00   1.592315e+00   1.593742e+00   1.595170e+00   1.596597e+00   1.598024e+00   1.599451e+00   1.600878e+00   1.602306e+00   1.603733e+00   1.605160e+00   1.606587e+00   1.608014e+00   1.609442e+00   1.610869e+00   1.612296e+00   1.613723e+00   1.615150e+00   1.616578e+00   1.654437e+00   1.692675e+00   1.730914e+00   1.769152e+00   1.807391e+00   1.845629e+00   1.883868e+00   1.922106e+00   1.960345e+00   1.998583e+00   2.065838e+00   2.133395e+00   2.200952e+00   2.268508e+00   2.336065e+00   2.403209e+00   2.470349e+00   2.537489e+00   2.604628e+00   2.671768e+00   2.729123e+00   2.786375e+00   2.843628e+00   2.900881e+00   2.958133e+00   2.958723e+00   2.958723e+00
   1.590905e+00   1.592332e+00   1.593758e+00   1.595184e+00   1.596611e+00   1.598037e+00   1.599464e+00   1.600890e+00   1.602317e+00   1.603743e+00   1.605170e+00   1.606596e+00   1.608023e+00   1.609449e+00   1.610876e+00   1.612302e+00   1.613728e+00   1.615155e+00   1.616581e+00   1.656085e+00   1.695986e+00   1.735886e+00   1.775787e+00   1.815687e+00   1.855588e+00   1.895488e+00   1.935388e+00   1.975289e+00   2.015189e+00   2.109247e+00   2.203869e+00   2.298491e+00   2.393113e+00   2.487735e+00   2.592524e+00   2.697419e+00   2.802314e+00   2.907209e+00   3.012104e+00   3.088674e+00   3.164949e+00   3.241224e+00   3.317499e+00   3.393774e+00   3.394560e+00   3.394560e+00
   1.590867e+00   1.592294e+00   1.593721e+00   1.595148e+00   1.596575e+00   1.598002e+00   1.599429e+00   1.600856e+00   1.602283e+00   1.603710e+00   1.605137e+00   1.606564e+00   1.607992e+00   1.609419e+00   1.610846e+00   1.612273e+00   1.613700e+00   1.615127e+00   1.616554e+00   1.658321e+00   1.700508e+00   1.742696e+00   1.784883e+00   1.827070e+00   1.869257e+00   1.911444e+00   1.953632e+00   1.995819e+00   2.038006e+00   2.123928e+00   2.210305e+00   2.296682e+00   2.383059e+00   2.469436e+00   2.610346e+00   2.751824e+00   2.893302e+00   3.034780e+00   3.176258e+00   3.251307e+00   3.325666e+00   3.400024e+00   3.474382e+00   3.548741e+00   3.549507e+00   3.549507e+00
   1.590826e+00   1.592246e+00   1.593667e+00   1.595087e+00   1.596507e+00   1.597928e+00   1.599348e+00   1.600769e+00   1.602189e+00   1.603610e+00   1.605030e+00   1.606450e+00   1.607871e+00   1.609291e+00   1.610712e+00   1.612132e+00   1.613552e+00   1.614973e+00   1.616393e+00   1.645462e+00   1.674818e+00   1.704174e+00   1.733530e+00   1.762886e+00   1.792242e+00   1.821598e+00   1.850955e+00   1.880311e+00   1.909667e+00   2.001476e+00   2.093935e+00   2.186394e+00   2.278853e+00   2.371313e+00   2.499083e+00   2.627222e+00   2.755360e+00   2.883498e+00   3.011637e+00   3.120089e+00   3.228337e+00   3.336584e+00   3.444832e+00   3.553080e+00   3.554195e+00   3.554195e+00
   1.589355e+00   1.590024e+00   1.590693e+00   1.591362e+00   1.592032e+00   1.592701e+00   1.593370e+00   1.594039e+00   1.594708e+00   1.595378e+00   1.596047e+00   1.596716e+00   1.597385e+00   1.598054e+00   1.598724e+00   1.599393e+00   1.600062e+00   1.600731e+00   1.601400e+00   1.612287e+00   1.623281e+00   1.634274e+00   1.645267e+00   1.656260e+00   1.667254e+00   1.678247e+00   1.689240e+00   1.700234e+00   1.711227e+00   1.803636e+00   1.896893e+00   1.990150e+00   2.083406e+00   2.176663e+00   2.284363e+00   2.392213e+00   2.500064e+00   2.607914e+00   2.715764e+00   2.837999e+00   2.960383e+00   3.082767e+00   3.205151e+00   3.327535e+00   3.328796e+00   3.328796e+00
   1.587775e+00   1.587658e+00   1.587541e+00   1.587425e+00   1.587308e+00   1.587191e+00   1.587074e+00   1.586957e+00   1.586840e+00   1.586723e+00   1.586606e+00   1.586490e+00   1.586373e+00   1.586256e+00   1.586139e+00   1.586022e+00   1.585905e+00   1.585788e+00   1.585671e+00   1.585998e+00   1.586330e+00   1.586662e+00   1.586993e+00   1.587325e+00   1.587657e+00   1.587988e+00   1.588320e+00   1.588651e+00   1.588983e+00   1.668947e+00   1.749739e+00   1.830532e+00   1.911324e+00   1.992117e+00   2.084805e+00   2.177618e+00   2.270430e+00   2.363243e+00   2.456055e+00   2.563517e+00   2.671132e+00   2.778746e+00   2.886360e+00   2.993975e+00   2.995083e+00   2.995083e+00
   1.587697e+00   1.587541e+00   1.587385e+00   1.587229e+00   1.587073e+00   1.586918e+00   1.586762e+00   1.586606e+00   1.586450e+00   1.586294e+00   1.586138e+00   1.585982e+00   1.585826e+00   1.585670e+00   1.585514e+00   1.585358e+00   1.585202e+00   1.585046e+00   1.584890e+00   1.584725e+00   1.584559e+00   1.584394e+00   1.584228e+00   1.584063e+00   1.583897e+00   1.583732e+00   1.583566e+00   1.583401e+00   1.583235e+00   1.638705e+00   1.694754e+00   1.750802e+00   1.806851e+00   1.862899e+00   1.946128e+00   2.029640e+00   2.113151e+00   2.196663e+00   2.280174e+00   2.390864e+00   2.501837e+00   2.612809e+00   2.723781e+00   2.834754e+00   2.835897e+00   2.835897e+00
   1.587717e+00   1.587561e+00   1.587405e+00   1.587249e+00   1.587093e+00   1.586938e+00   1.586782e+00   1.586626e+00   1.586470e+00   1.586314e+00   1.586158e+00   1.586002e+00   1.585846e+00   1.585690e+00   1.585534e+00   1.585378e+00   1.585222e+00   1.585066e+00   1.584910e+00   1.584743e+00   1.584576e+00   1.584409e+00   1.584242e+00   1.584075e+00   1.583908e+00   1.583741e+00   1.583573e+00   1.583406e+00   1.583239e+00   1.605939e+00   1.628876e+00   1.651814e+00   1.674751e+00   1.697689e+00   1.776563e+00   1.856018e+00   1.935474e+00   2.014930e+00   2.094386e+00   2.183351e+00   2.272414e+00   2.361477e+00   2.450541e+00   2.539604e+00   2.540522e+00   2.540522e+00
   1.587689e+00   1.587533e+00   1.587377e+00   1.587222e+00   1.587066e+00   1.586910e+00   1.586754e+00   1.586598e+00   1.586442e+00   1.586286e+00   1.586130e+00   1.585974e+00   1.585818e+00   1.585662e+00   1.585506e+00   1.585350e+00   1.585194e+00   1.585038e+00   1.584882e+00   1.584718e+00   1.584553e+00   1.584388e+00   1.584224e+00   1.584059e+00   1.583894e+00   1.583729e+00   1.583565e+00   1.583400e+00   1.583235e+00   1.588267e+00   1.593353e+00   1.598439e+00   1.603525e+00   1.608611e+00   1.680378e+00   1.752838e+00   1.825298e+00   1.897759e+00   1.970219e+00   2.017384e+00   2.064285e+00   2.111186e+00   2.158087e+00   2.204988e+00   2.205471e+00   2.205471e+00
   1.587713e+00   1.587557e+00   1.587401e+00   1.587245e+00   1.587089e+00   1.586933e+00   1.586777e+00   1.586622e+00   1.586466e+00   1.586310e+00   1.586154e+00   1.585998e+00   1.585842e+00   1.585686e+00   1.585530e+00   1.585374e+00   1.585218e+00   1.585062e+00   1.584906e+00   1.584739e+00   1.584572e+00   1.584405e+00   1.584238e+00   1.584071e+00   1.583904e+00   1.583736e+00   1.583569e+00   1.583402e+00   1.583235e+00   1.588262e+00   1.593343e+00   1.598424e+00   1.603506e+00   1.608587e+00   1.664149e+00   1.720237e+00   1.776325e+00   1.832414e+00   1.888502e+00   1.918209e+00   1.947642e+00   1.977075e+00   2.006507e+00   2.035940e+00   2.036243e+00   2.036243e+00
   1.587750e+00   1.587591e+00   1.587431e+00   1.587272e+00   1.587113e+00   1.586954e+00   1.586794e+00   1.586635e+00   1.586476e+00   1.586316e+00   1.586157e+00   1.585998e+00   1.585838e+00   1.585679e+00   1.585520e+00   1.585360e+00   1.585201e+00   1.585042e+00   1.584882e+00   1.584718e+00   1.584553e+00   1.584388e+00   1.584224e+00   1.584059e+00   1.583894e+00   1.583729e+00   1.583565e+00   1.583400e+00   1.583235e+00   1.588251e+00   1.593321e+00   1.598391e+00   1.603461e+00   1.608531e+00   1.636028e+00   1.663759e+00   1.691489e+00   1.719220e+00   1.746950e+00   1.793816e+00   1.840881e+00   1.887946e+00   1.935011e+00   1.982076e+00   1.982561e+00   1.982561e+00
   1.587728e+00   1.587567e+00   1.587406e+00   1.587245e+00   1.587084e+00   1.586923e+00   1.586762e+00   1.586601e+00   1.586440e+00   1.586279e+00   1.586119e+00   1.585958e+00   1.585797e+00   1.585636e+00   1.585475e+00   1.585314e+00   1.585153e+00   1.584992e+00   1.584831e+00   1.584672e+00   1.584513e+00   1.584353e+00   1.584194e+00   1.584035e+00   1.583876e+00   1.583717e+00   1.583558e+00   1.583398e+00   1.583239e+00   1.588264e+00   1.593343e+00   1.598422e+00   1.603501e+00   1.608579e+00   1.613904e+00   1.619232e+00   1.624560e+00   1.629887e+00   1.635215e+00   1.690271e+00   1.745846e+00   1.801420e+00   1.856994e+00   1.912569e+00   1.913141e+00   1.913141e+00
   1.587714e+00   1.587556e+00   1.587399e+00   1.587241e+00   1.587084e+00   1.586926e+00   1.586769e+00   1.586611e+00   1.586453e+00   1.586296e+00   1.586138e+00   1.585981e+00   1.585823e+00   1.585666e+00   1.585508e+00   1.585351e+00   1.585193e+00   1.585035e+00   1.584878e+00   1.584714e+00   1.584550e+00   1.584386e+00   1.584222e+00   1.584059e+00   1.583895e+00   1.583731e+00   1.583567e+00   1.583403e+00   1.583239e+00   1.588273e+00   1.593362e+00   1.598450e+00   1.603538e+00   1.608626e+00   1.616963e+00   1.625334e+00   1.633705e+00   1.642076e+00   1.650447e+00   1.693998e+00   1.737915e+00   1.781832e+00   1.825749e+00   1.869666e+00   1.870118e+00   1.870118e+00
   1.587692e+00   1.587537e+00   1.587381e+00   1.587225e+00   1.587069e+00   1.586913e+00   1.586757e+00   1.586601e+00   1.586445e+00   1.586289e+00   1.586133e+00   1.585977e+00   1.585821e+00   1.585665e+00   1.585509e+00   1.585353e+00   1.585197e+00   1.585042e+00   1.584886e+00   1.584711e+00   1.584536e+00   1.584361e+00   1.584186e+00   1.584010e+00   1.583835e+00   1.583660e+00   1.583485e+00   1.583310e+00   1.583135e+00   1.588172e+00   1.593262e+00   1.598353e+00   1.603443e+00   1.608534e+00   1.620869e+00   1.633278e+00   1.645688e+00   1.658098e+00   1.670508e+00   1.705248e+00   1.740222e+00   1.775195e+00   1.810168e+00   1.845141e+00   1.845501e+00   1.845501e+00
   1.587698e+00   1.587542e+00   1.587386e+00   1.587230e+00   1.587074e+00   1.586918e+00   1.586762e+00   1.586607e+00   1.586451e+00   1.586295e+00   1.586139e+00   1.585983e+00   1.585827e+00   1.585671e+00   1.585515e+00   1.585359e+00   1.585203e+00   1.585047e+00   1.584891e+00   1.584726e+00   1.584560e+00   1.584394e+00   1.584229e+00   1.584063e+00   1.583898e+00   1.583732e+00   1.583566e+00   1.583401e+00   1.583235e+00   1.588256e+00   1.593331e+00   1.598405e+00   1.603480e+00   1.608555e+00   1.623661e+00   1.638872e+00   1.654082e+00   1.669293e+00   1.684503e+00   1.711830e+00   1.739282e+00   1.766734e+00   1.794187e+00   1.821639e+00   1.821922e+00   1.821922e+00
   1.587429e+00   1.587289e+00   1.587149e+00   1.587009e+00   1.586869e+00   1.586728e+00   1.586588e+00   1.586448e+00   1.586308e+00   1.586168e+00   1.586028e+00   1.585887e+00   1.585747e+00   1.585607e+00   1.585467e+00   1.585327e+00   1.585186e+00   1.585046e+00   1.584906e+00   1.584739e+00   1.584572e+00   1.584405e+00   1.584238e+00   1.584071e+00   1.583904e+00   1.583736e+00   1.583569e+00   1.583402e+00   1.583235e+00   1.588270e+00   1.593360e+00   1.598449e+00   1.603538e+00   1.608628e+00   1.632388e+00   1.656342e+00   1.680297e+00   1.704251e+00   1.728205e+00   1.738884e+00   1.749424e+00   1.759964e+00   1.770504e+00   1.781044e+00   1.781153e+00   1.781153e+00
   1.585198e+00   1.585181e+00   1.585163e+00   1.585146e+00   1.585128e+00   1.585111e+00   1.585094e+00   1.585076e+00   1.585059e+00   1.585042e+00   1.585024e+00   1.585007e+00   1.584989e+00   1.584972e+00   1.584955e+00   1.584937e+00   1.584920e+00   1.584903e+00   1.584885e+00   1.584722e+00   1.584557e+00   1.584392e+00   1.584228e+00   1.584063e+00   1.583898e+00   1.583733e+00   1.583569e+00   1.583404e+00   1.583239e+00   1.588260e+00   1.593335e+00   1.598409e+00   1.603484e+00   1.608559e+00   1.624382e+00   1.640316e+00   1.656251e+00   1.672186e+00   1.688121e+00   1.697720e+00   1.707254e+00   1.716787e+00   1.726321e+00   1.735855e+00   1.735953e+00   1.735953e+00
   1.583358e+00   1.583444e+00   1.583530e+00   1.583616e+00   1.583703e+00   1.583789e+00   1.583875e+00   1.583961e+00   1.584047e+00   1.584133e+00   1.584219e+00   1.584305e+00   1.584391e+00   1.584477e+00   1.584563e+00   1.584650e+00   1.584736e+00   1.584822e+00   1.584908e+00   1.584743e+00   1.584576e+00   1.584409e+00   1.584242e+00   1.584075e+00   1.583908e+00   1.583741e+00   1.583573e+00   1.583406e+00   1.583239e+00   1.588265e+00   1.593345e+00   1.598425e+00   1.603506e+00   1.608586e+00   1.614236e+00   1.619893e+00   1.625549e+00   1.631205e+00   1.636862e+00   1.658453e+00   1.680210e+00   1.701966e+00   1.723723e+00   1.745480e+00   1.745704e+00   1.745704e+00
   1.583397e+00   1.583480e+00   1.583562e+00   1.583644e+00   1.583727e+00   1.583809e+00   1.583891e+00   1.583974e+00   1.584056e+00   1.584139e+00   1.584221e+00   1.584303e+00   1.584386e+00   1.584468e+00   1.584550e+00   1.584633e+00   1.584715e+00   1.584798e+00   1.584880e+00   1.584718e+00   1.584553e+00   1.584388e+00   1.584224e+00   1.584059e+00   1.583894e+00   1.583729e+00   1.583565e+00   1.583400e+00   1.583235e+00   1.588263e+00   1.593346e+00   1.598428e+00   1.603510e+00   1.608592e+00   1.625188e+00   1.641904e+00   1.658620e+00   1.675335e+00   1.692051e+00   1.711308e+00   1.730591e+00   1.749875e+00   1.769158e+00   1.788442e+00   1.788640e+00   1.788640e+00
   1.583398e+00   1.583480e+00   1.583563e+00   1.583645e+00   1.583727e+00   1.583809e+00   1.583892e+00   1.583974e+00   1.584056e+00   1.584138e+00   1.584221e+00   1.584303e+00   1.584385e+00   1.584467e+00   1.584550e+00   1.584632e+00   1.584714e+00   1.584796e+00   1.584879e+00   1.584727e+00   1.584572e+00   1.584417e+00   1.584263e+00   1.584108e+00   1.583953e+00   1.583799e+00   1.583644e+00   1.583490e+00   1.583335e+00   1.588331e+00   1.593381e+00   1.598431e+00   1.603480e+00   1.608530e+00   1.630895e+00   1.653439e+00   1.675984e+00   1.698528e+00   1.721073e+00   1.740008e+00   1.758906e+00   1.777803e+00   1.796701e+00   1.815598e+00   1.815793e+00   1.815793e+00
