# BC03 wavelenght [micron]
   9.100000e-03
   9.400000e-03
   9.600000e-03
   9.800000e-03
   1.000000e-02
   1.020000e-02
   1.040000e-02
   1.060000e-02
   1.080000e-02
   1.100000e-02
   1.140000e-02
   1.180000e-02
   1.210000e-02
   1.250000e-02
   1.270000e-02
   1.280000e-02
   1.310000e-02
   1.320000e-02
   1.340000e-02
   1.370000e-02
   1.400000e-02
   1.430000e-02
   1.470000e-02
   1.510000e-02
   1.550000e-02
   1.590000e-02
   1.620000e-02
   1.660000e-02
   1.700000e-02
   1.730000e-02
   1.770000e-02
   1.800000e-02
   1.820000e-02
   1.860000e-02
   1.910000e-02
   1.940000e-02
   1.980000e-02
   2.020000e-02
   2.050000e-02
   2.100000e-02
   2.160000e-02
   2.200000e-02
   2.230000e-02
   2.270000e-02
   2.300000e-02
   2.340000e-02
   2.400000e-02
   2.460000e-02
   2.520000e-02
   2.570000e-02
   2.600000e-02
   2.640000e-02
   2.690000e-02
   2.740000e-02
   2.790000e-02
   2.840000e-02
   2.900000e-02
   2.960000e-02
   3.010000e-02
   3.080000e-02
   3.180000e-02
   3.280000e-02
   3.380000e-02
   3.480000e-02
   3.570000e-02
   3.660000e-02
   3.750000e-02
   3.850000e-02
   3.950000e-02
   4.050000e-02
   4.140000e-02
   4.220000e-02
   4.300000e-02
   4.410000e-02
   4.510000e-02
   4.600000e-02
   4.700000e-02
   4.800000e-02
   4.900000e-02
   5.000000e-02
   5.060000e-02
   5.120000e-02
   5.200000e-02
   5.300000e-02
   5.400000e-02
   5.500000e-02
   5.600000e-02
   5.700000e-02
   5.800000e-02
   5.900000e-02
   6.000000e-02
   6.100000e-02
   6.200000e-02
   6.300000e-02
   6.400000e-02
   6.500000e-02
   6.580000e-02
   6.650000e-02
   6.750000e-02
   6.850000e-02
   6.950000e-02
   7.050000e-02
   7.160000e-02
   7.260000e-02
   7.350000e-02
   7.450000e-02
   7.550000e-02
   7.650000e-02
   7.750000e-02
   7.850000e-02
   7.950000e-02
   8.050000e-02
   8.150000e-02
   8.250000e-02
   8.350000e-02
   8.450000e-02
   8.550000e-02
   8.650000e-02
   8.750000e-02
   8.850000e-02
   8.950000e-02
   9.050000e-02
   9.150000e-02
   9.250000e-02
   9.350000e-02
   9.450000e-02
   9.550000e-02
   9.650000e-02
   9.750000e-02
   9.850000e-02
   9.950000e-02
   1.005000e-01
   1.015000e-01
   1.025000e-01
   1.035000e-01
   1.045000e-01
   1.055000e-01
   1.065000e-01
   1.075000e-01
   1.085000e-01
   1.095000e-01
   1.105000e-01
   1.115000e-01
   1.125000e-01
   1.135000e-01
   1.145000e-01
   1.155000e-01
   1.165000e-01
   1.175000e-01
   1.185000e-01
   1.195000e-01
   1.205000e-01
   1.215000e-01
   1.225000e-01
   1.235000e-01
   1.245000e-01
   1.255000e-01
   1.265000e-01
   1.275000e-01
   1.285000e-01
   1.295000e-01
   1.305000e-01
   1.315000e-01
   1.325000e-01
   1.335000e-01
   1.345000e-01
   1.355000e-01
   1.365000e-01
   1.375000e-01
   1.385000e-01
   1.395000e-01
   1.405000e-01
   1.415000e-01
   1.425000e-01
   1.435000e-01
   1.442000e-01
   1.447000e-01
   1.455000e-01
   1.465000e-01
   1.475000e-01
   1.485000e-01
   1.495000e-01
   1.505000e-01
   1.512000e-01
   1.517000e-01
   1.525000e-01
   1.535000e-01
   1.545000e-01
   1.555000e-01
   1.565000e-01
   1.575000e-01
   1.585000e-01
   1.595000e-01
   1.605000e-01
   1.615000e-01
   1.625000e-01
   1.635000e-01
   1.645000e-01
   1.655000e-01
   1.665000e-01
   1.672000e-01
   1.677000e-01
   1.685000e-01
   1.695000e-01
   1.705000e-01
   1.715000e-01
   1.725000e-01
   1.735000e-01
   1.745000e-01
   1.755000e-01
   1.765000e-01
   1.775000e-01
   1.785000e-01
   1.795000e-01
   1.805000e-01
   1.815000e-01
   1.825000e-01
   1.835000e-01
   1.845000e-01
   1.855000e-01
   1.865000e-01
   1.875000e-01
   1.885000e-01
   1.895000e-01
   1.905000e-01
   1.915000e-01
   1.925000e-01
   1.935000e-01
   1.945000e-01
   1.955000e-01
   1.967000e-01
   1.976000e-01
   1.984000e-01
   1.995000e-01
   2.005000e-01
   2.015000e-01
   2.025000e-01
   2.035000e-01
   2.045000e-01
   2.055000e-01
   2.065000e-01
   2.074000e-01
   2.078000e-01
   2.085000e-01
   2.095000e-01
   2.105000e-01
   2.115000e-01
   2.125000e-01
   2.135000e-01
   2.145000e-01
   2.155000e-01
   2.165000e-01
   2.175000e-01
   2.185000e-01
   2.195000e-01
   2.205000e-01
   2.215000e-01
   2.225000e-01
   2.235000e-01
   2.245000e-01
   2.255000e-01
   2.265000e-01
   2.275000e-01
   2.285000e-01
   2.295000e-01
   2.305000e-01
   2.315000e-01
   2.325000e-01
   2.335000e-01
   2.345000e-01
   2.355000e-01
   2.365000e-01
   2.375000e-01
   2.385000e-01
   2.395000e-01
   2.405000e-01
   2.415000e-01
   2.425000e-01
   2.435000e-01
   2.445000e-01
   2.455000e-01
   2.465000e-01
   2.475000e-01
   2.485000e-01
   2.495000e-01
   2.505000e-01
   2.513000e-01
   2.518000e-01
   2.525000e-01
   2.535000e-01
   2.545000e-01
   2.555000e-01
   2.565000e-01
   2.575000e-01
   2.585000e-01
   2.595000e-01
   2.605000e-01
   2.615000e-01
   2.625000e-01
   2.635000e-01
   2.645000e-01
   2.655000e-01
   2.665000e-01
   2.675000e-01
   2.685000e-01
   2.695000e-01
   2.705000e-01
   2.715000e-01
   2.725000e-01
   2.735000e-01
   2.745000e-01
   2.755000e-01
   2.765000e-01
   2.775000e-01
   2.785000e-01
   2.795000e-01
   2.805000e-01
   2.815000e-01
   2.825000e-01
   2.835000e-01
   2.845000e-01
   2.855000e-01
   2.865000e-01
   2.875000e-01
   2.885000e-01
   2.895000e-01
   2.910000e-01
   2.930000e-01
   2.950000e-01
   2.970000e-01
   2.990000e-01
   3.010000e-01
   3.030000e-01
   3.050000e-01
   3.070000e-01
   3.090000e-01
   3.110000e-01
   3.130000e-01
   3.150000e-01
   3.170000e-01
   3.190000e-01
   3.210000e-01
   3.230000e-01
   3.250000e-01
   3.270000e-01
   3.290000e-01
   3.310000e-01
   3.330000e-01
   3.350000e-01
   3.370000e-01
   3.390000e-01
   3.410000e-01
   3.430000e-01
   3.450000e-01
   3.470000e-01
   3.490000e-01
   3.510000e-01
   3.530000e-01
   3.550000e-01
   3.570000e-01
   3.590000e-01
   3.610000e-01
   3.630000e-01
   3.640000e-01
   3.650000e-01
   3.670000e-01
   3.690000e-01
   3.710000e-01
   3.730000e-01
   3.750000e-01
   3.770000e-01
   3.790000e-01
   3.810000e-01
   3.830000e-01
   3.850000e-01
   3.870000e-01
   3.890000e-01
   3.910000e-01
   3.930000e-01
   3.950000e-01
   3.970000e-01
   3.990000e-01
   4.010000e-01
   4.030000e-01
   4.050000e-01
   4.070000e-01
   4.090000e-01
   4.110000e-01
   4.130000e-01
   4.150000e-01
   4.170000e-01
   4.190000e-01
   4.210000e-01
   4.230000e-01
   4.250000e-01
   4.270000e-01
   4.290000e-01
   4.310000e-01
   4.330000e-01
   4.350000e-01
   4.370000e-01
   4.390000e-01
   4.410000e-01
   4.430000e-01
   4.450000e-01
   4.470000e-01
   4.490000e-01
   4.510000e-01
   4.530000e-01
   4.550000e-01
   4.570000e-01
   4.590000e-01
   4.610000e-01
   4.630000e-01
   4.650000e-01
   4.670000e-01
   4.690000e-01
   4.710000e-01
   4.730000e-01
   4.750000e-01
   4.770000e-01
   4.790000e-01
   4.810000e-01
   4.830000e-01
   4.850000e-01
   4.870000e-01
   4.890000e-01
   4.910000e-01
   4.930000e-01
   4.950000e-01
   4.970000e-01
   4.990000e-01
   5.010000e-01
   5.030000e-01
   5.050000e-01
   5.070000e-01
   5.090000e-01
   5.110000e-01
   5.130000e-01
   5.150000e-01
   5.170000e-01
   5.190000e-01
   5.210000e-01
   5.230000e-01
   5.250000e-01
   5.270000e-01
   5.290000e-01
   5.310000e-01
   5.330000e-01
   5.350000e-01
   5.370000e-01
   5.390000e-01
   5.410000e-01
   5.430000e-01
   5.450000e-01
   5.470000e-01
   5.490000e-01
   5.510000e-01
   5.530000e-01
   5.550000e-01
   5.570000e-01
   5.590000e-01
   5.610000e-01
   5.630000e-01
   5.650000e-01
   5.670000e-01
   5.690000e-01
   5.710000e-01
   5.730000e-01
   5.750000e-01
   5.770000e-01
   5.790000e-01
   5.810000e-01
   5.830000e-01
   5.850000e-01
   5.870000e-01
   5.890000e-01
   5.910000e-01
   5.930000e-01
   5.950000e-01
   5.970000e-01
   5.990000e-01
   6.010000e-01
   6.030000e-01
   6.050000e-01
   6.070000e-01
   6.090000e-01
   6.110000e-01
   6.130000e-01
   6.150000e-01
   6.170000e-01
   6.190000e-01
   6.210000e-01
   6.230000e-01
   6.250000e-01
   6.270000e-01
   6.290000e-01
   6.310000e-01
   6.330000e-01
   6.350000e-01
   6.370000e-01
   6.390000e-01
   6.410000e-01
   6.430000e-01
   6.450000e-01
   6.470000e-01
   6.490000e-01
   6.510000e-01
   6.530000e-01
   6.550000e-01
   6.570000e-01
   6.590000e-01
   6.610000e-01
   6.630000e-01
   6.650000e-01
   6.670000e-01
   6.690000e-01
   6.710000e-01
   6.730000e-01
   6.750000e-01
   6.770000e-01
   6.790000e-01
   6.810000e-01
   6.830000e-01
   6.850000e-01
   6.870000e-01
   6.890000e-01
   6.910000e-01
   6.930000e-01
   6.950000e-01
   6.970000e-01
   6.990000e-01
   7.010000e-01
   7.030000e-01
   7.050000e-01
   7.070000e-01
   7.090000e-01
   7.110000e-01
   7.130000e-01
   7.150000e-01
   7.170000e-01
   7.190000e-01
   7.210000e-01
   7.230000e-01
   7.250000e-01
   7.270000e-01
   7.290000e-01
   7.310000e-01
   7.330000e-01
   7.350000e-01
   7.370000e-01
   7.390000e-01
   7.410000e-01
   7.430000e-01
   7.450000e-01
   7.470000e-01
   7.490000e-01
   7.510000e-01
   7.530000e-01
   7.550000e-01
   7.570000e-01
   7.590000e-01
   7.610000e-01
   7.630000e-01
   7.650000e-01
   7.670000e-01
   7.690000e-01
   7.710000e-01
   7.730000e-01
   7.750000e-01
   7.770000e-01
   7.790000e-01
   7.810000e-01
   7.830000e-01
   7.850000e-01
   7.870000e-01
   7.890000e-01
   7.910000e-01
   7.930000e-01
   7.950000e-01
   7.970000e-01
   7.990000e-01
   8.010000e-01
   8.030000e-01
   8.050000e-01
   8.070000e-01
   8.090000e-01
   8.110000e-01
   8.130000e-01
   8.150000e-01
   8.170000e-01
   8.190000e-01
   8.210000e-01
   8.230000e-01
   8.250000e-01
   8.270000e-01
   8.290000e-01
   8.310000e-01
   8.330000e-01
   8.350000e-01
   8.370000e-01
   8.390000e-01
   8.410000e-01
   8.430000e-01
   8.450000e-01
   8.470000e-01
   8.490000e-01
   8.510000e-01
   8.530000e-01
   8.550000e-01
   8.570000e-01
   8.590000e-01
   8.610000e-01
   8.630000e-01
   8.650000e-01
   8.670000e-01
   8.690000e-01
   8.710000e-01
   8.730000e-01
   8.750000e-01
   8.770000e-01
   8.790000e-01
   8.810000e-01
   8.830000e-01
   8.850000e-01
   8.870000e-01
   8.890000e-01
   8.910000e-01
   8.930000e-01
   8.950000e-01
   8.970000e-01
   8.990000e-01
   9.010000e-01
   9.030000e-01
   9.050000e-01
   9.070000e-01
   9.090000e-01
   9.110000e-01
   9.130000e-01
   9.150000e-01
   9.170000e-01
   9.190000e-01
   9.210000e-01
   9.230000e-01
   9.250000e-01
   9.270000e-01
   9.290000e-01
   9.310000e-01
   9.330000e-01
   9.350000e-01
   9.370000e-01
   9.390000e-01
   9.410000e-01
   9.430000e-01
   9.450000e-01
   9.470000e-01
   9.490000e-01
   9.510000e-01
   9.530000e-01
   9.550000e-01
   9.570000e-01
   9.590000e-01
   9.610000e-01
   9.630000e-01
   9.650000e-01
   9.670000e-01
   9.690000e-01
   9.710000e-01
   9.730000e-01
   9.750000e-01
   9.770000e-01
   9.790000e-01
   9.810000e-01
   9.830000e-01
   9.850000e-01
   9.870000e-01
   9.890000e-01
   9.910000e-01
   9.930000e-01
   9.950000e-01
   9.970000e-01
   9.990000e-01
   1.002500e+00
   1.007500e+00
   1.012500e+00
   1.017500e+00
   1.022500e+00
   1.027500e+00
   1.032500e+00
   1.037500e+00
   1.042500e+00
   1.047500e+00
   1.052500e+00
   1.057500e+00
   1.062500e+00
   1.067500e+00
   1.072500e+00
   1.077500e+00
   1.082500e+00
   1.087500e+00
   1.092500e+00
   1.097500e+00
   1.102500e+00
   1.107500e+00
   1.112500e+00
   1.117500e+00
   1.122500e+00
   1.127500e+00
   1.132500e+00
   1.137500e+00
   1.142500e+00
   1.147500e+00
   1.152500e+00
   1.157500e+00
   1.162500e+00
   1.167500e+00
   1.172500e+00
   1.177500e+00
   1.182500e+00
   1.187500e+00
   1.192500e+00
   1.197500e+00
   1.202500e+00
   1.207500e+00
   1.212500e+00
   1.217500e+00
   1.222500e+00
   1.227500e+00
   1.232500e+00
   1.237500e+00
   1.242500e+00
   1.247500e+00
   1.252500e+00
   1.257500e+00
   1.262500e+00
   1.267500e+00
   1.272500e+00
   1.277500e+00
   1.282500e+00
   1.287500e+00
   1.292500e+00
   1.297500e+00
   1.302500e+00
   1.307500e+00
   1.312500e+00
   1.317500e+00
   1.322500e+00
   1.327500e+00
   1.332500e+00
   1.337500e+00
   1.342500e+00
   1.347500e+00
   1.352500e+00
   1.357500e+00
   1.362500e+00
   1.367500e+00
   1.372500e+00
   1.377500e+00
   1.382500e+00
   1.387500e+00
   1.392500e+00
   1.397500e+00
   1.402500e+00
   1.407500e+00
   1.412500e+00
   1.417500e+00
   1.422500e+00
   1.427500e+00
   1.432500e+00
   1.437500e+00
   1.442500e+00
   1.447500e+00
   1.452500e+00
   1.457000e+00
   1.462000e+00
   1.467500e+00
   1.472500e+00
   1.477500e+00
   1.482500e+00
   1.487500e+00
   1.492500e+00
   1.497500e+00
   1.502500e+00
   1.507500e+00
   1.512500e+00
   1.517500e+00
   1.522500e+00
   1.527500e+00
   1.532500e+00
   1.537500e+00
   1.542500e+00
   1.547500e+00
   1.552500e+00
   1.557500e+00
   1.562500e+00
   1.567500e+00
   1.572500e+00
   1.577500e+00
   1.582500e+00
   1.587500e+00
   1.592500e+00
   1.597500e+00
   1.605000e+00
   1.615000e+00
   1.625000e+00
   1.635000e+00
   1.645000e+00
   1.655000e+00
   1.665000e+00
   1.675000e+00
   1.685000e+00
   1.695000e+00
   1.705000e+00
   1.715000e+00
   1.725000e+00
   1.735000e+00
   1.745000e+00
   1.755000e+00
   1.765000e+00
   1.775000e+00
   1.785000e+00
   1.795000e+00
   1.805000e+00
   1.815000e+00
   1.825000e+00
   1.835000e+00
   1.845000e+00
   1.855000e+00
   1.865000e+00
   1.875000e+00
   1.885000e+00
   1.895000e+00
   1.905000e+00
   1.915000e+00
   1.925000e+00
   1.935000e+00
   1.945000e+00
   1.955000e+00
   1.965000e+00
   1.975000e+00
   1.985000e+00
   1.995000e+00
   2.005000e+00
   2.015000e+00
   2.025000e+00
   2.035000e+00
   2.045000e+00
   2.055000e+00
   2.065000e+00
   2.075000e+00
   2.085000e+00
   2.095000e+00
   2.105000e+00
   2.115000e+00
   2.125000e+00
   2.135000e+00
   2.145000e+00
   2.155000e+00
   2.165000e+00
   2.175000e+00
   2.185000e+00
   2.195000e+00
   2.205000e+00
   2.215000e+00
   2.225000e+00
   2.235000e+00
   2.245000e+00
   2.255000e+00
   2.265000e+00
   2.275000e+00
   2.285000e+00
   2.295000e+00
   2.305000e+00
   2.315000e+00
   2.325000e+00
   2.335000e+00
   2.345000e+00
   2.355000e+00
   2.365000e+00
   2.375000e+00
   2.385000e+00
   2.395000e+00
   2.405000e+00
   2.415000e+00
   2.425000e+00
   2.435000e+00
   2.445000e+00
   2.455000e+00
   2.465000e+00
   2.475000e+00
   2.485000e+00
   2.495000e+00
   2.505000e+00
   2.515000e+00
   2.525000e+00
   2.535000e+00
   2.545000e+00
   2.555000e+00
   2.565000e+00
   2.575000e+00
   2.585000e+00
   2.595000e+00
   2.605000e+00
   2.615000e+00
   2.625000e+00
   2.635000e+00
   2.645000e+00
   2.655000e+00
   2.665000e+00
   2.675000e+00
   2.685000e+00
   2.695000e+00
   2.705000e+00
   2.715000e+00
   2.725000e+00
   2.735000e+00
   2.745000e+00
   2.755000e+00
   2.765000e+00
   2.775000e+00
   2.785000e+00
   2.795000e+00
   2.805000e+00
   2.815000e+00
   2.825000e+00
   2.835000e+00
   2.845000e+00
   2.855000e+00
   2.865000e+00
   2.875000e+00
   2.885000e+00
   2.895000e+00
   2.905000e+00
   2.915000e+00
   2.925000e+00
   2.935000e+00
   2.945000e+00
   2.955000e+00
   2.965000e+00
   2.975000e+00
   2.985000e+00
   2.995000e+00
   3.005000e+00
   3.015000e+00
   3.025000e+00
   3.035000e+00
   3.045000e+00
   3.055000e+00
   3.065000e+00
   3.075000e+00
   3.085000e+00
   3.095000e+00
   3.105000e+00
   3.115000e+00
   3.125000e+00
   3.135000e+00
   3.145000e+00
   3.155000e+00
   3.165000e+00
   3.175000e+00
   3.185000e+00
   3.195000e+00
   3.210000e+00
   3.230000e+00
   3.250000e+00
   3.270000e+00
   3.290000e+00
   3.310000e+00
   3.330000e+00
   3.350000e+00
   3.370000e+00
   3.390000e+00
   3.410000e+00
   3.430000e+00
   3.450000e+00
   3.470000e+00
   3.490000e+00
   3.510000e+00
   3.530000e+00
   3.550000e+00
   3.570000e+00
   3.590000e+00
   3.610000e+00
   3.630000e+00
   3.650000e+00
   3.670000e+00
   3.690000e+00
   3.710000e+00
   3.730000e+00
   3.750000e+00
   3.770000e+00
   3.790000e+00
   3.810000e+00
   3.830000e+00
   3.850000e+00
   3.870000e+00
   3.890000e+00
   3.910000e+00
   3.930000e+00
   3.950000e+00
   3.970000e+00
   3.990000e+00
   4.010000e+00
   4.030000e+00
   4.050000e+00
   4.070000e+00
   4.090000e+00
   4.110000e+00
   4.130000e+00
   4.150000e+00
   4.170000e+00
   4.190000e+00
   4.210000e+00
   4.230000e+00
   4.250000e+00
   4.270000e+00
   4.290000e+00
   4.310000e+00
   4.330000e+00
   4.350000e+00
   4.370000e+00
   4.390000e+00
   4.410000e+00
   4.430000e+00
   4.450000e+00
   4.470000e+00
   4.490000e+00
   4.510000e+00
   4.530000e+00
   4.550000e+00
   4.570000e+00
   4.590000e+00
   4.610000e+00
   4.630000e+00
   4.650000e+00
   4.670000e+00
   4.690000e+00
   4.710000e+00
   4.730000e+00
   4.750000e+00
   4.770000e+00
   4.790000e+00
   4.810000e+00
   4.830000e+00
   4.850000e+00
   4.870000e+00
   4.890000e+00
   4.910000e+00
   4.930000e+00
   4.950000e+00
   4.970000e+00
   4.990000e+00
   5.010000e+00
   5.030000e+00
   5.050000e+00
   5.070000e+00
   5.090000e+00
   5.110000e+00
   5.130000e+00
   5.150000e+00
   5.170000e+00
   5.190000e+00
   5.210000e+00
   5.230000e+00
   5.250000e+00
   5.270000e+00
   5.290000e+00
   5.310000e+00
   5.330000e+00
   5.350000e+00
   5.370000e+00
   5.390000e+00
   5.410000e+00
   5.430000e+00
   5.450000e+00
   5.470000e+00
   5.490000e+00
   5.510000e+00
   5.530000e+00
   5.550000e+00
   5.570000e+00
   5.590000e+00
   5.610000e+00
   5.630000e+00
   5.650000e+00
   5.670000e+00
   5.690000e+00
   5.710000e+00
   5.730000e+00
   5.750000e+00
   5.770000e+00
   5.790000e+00
   5.810000e+00
   5.830000e+00
   5.850000e+00
   5.870000e+00
   5.890000e+00
   5.910000e+00
   5.930000e+00
   5.950000e+00
   5.970000e+00
   5.990000e+00
   6.010000e+00
   6.030000e+00
   6.050000e+00
   6.070000e+00
   6.090000e+00
   6.110000e+00
   6.130000e+00
   6.150000e+00
   6.170000e+00
   6.190000e+00
   6.210000e+00
   6.230000e+00
   6.250000e+00
   6.270000e+00
   6.290000e+00
   6.310000e+00
   6.330000e+00
   6.350000e+00
   6.370000e+00
   6.390000e+00
   6.420000e+00
   6.460000e+00
   6.500000e+00
   6.540000e+00
   6.580000e+00
   6.620000e+00
   6.660000e+00
   6.700000e+00
   6.740000e+00
   6.780000e+00
   6.820000e+00
   6.860000e+00
   6.900000e+00
   6.940000e+00
   6.980000e+00
   7.020000e+00
   7.060000e+00
   7.100000e+00
   7.140000e+00
   7.180000e+00
   7.220000e+00
   7.260000e+00
   7.300000e+00
   7.340000e+00
   7.380000e+00
   7.420000e+00
   7.460000e+00
   7.500000e+00
   7.540000e+00
   7.580000e+00
   7.620000e+00
   7.660000e+00
   7.700000e+00
   7.740000e+00
   7.780000e+00
   7.820000e+00
   7.860000e+00
   7.900000e+00
   7.940000e+00
   7.980000e+00
   8.020000e+00
   8.060000e+00
   8.100000e+00
   8.140000e+00
   8.180000e+00
   8.220000e+00
   8.260000e+00
   8.300000e+00
   8.340000e+00
   8.380000e+00
   8.420000e+00
   8.460000e+00
   8.500000e+00
   8.540000e+00
   8.580000e+00
   8.620000e+00
   8.660000e+00
   8.700000e+00
   8.740000e+00
   8.780000e+00
   8.820000e+00
   8.860000e+00
   8.900000e+00
   8.940000e+00
   8.980000e+00
   9.020000e+00
   9.060000e+00
   9.100000e+00
   9.140000e+00
   9.180000e+00
   9.220000e+00
   9.260000e+00
   9.300000e+00
   9.340000e+00
   9.380000e+00
   9.420000e+00
   9.460000e+00
   9.500000e+00
   9.540000e+00
   9.580000e+00
   9.620000e+00
   9.660000e+00
   9.700000e+00
   9.740000e+00
   9.780000e+00
   9.820000e+00
   9.860000e+00
   9.900000e+00
   9.940000e+00
   9.980000e+00
   1.002000e+01
   2.000000e+01
   4.000000e+01
   6.000000e+01
   8.000000e+01
   1.000000e+02
   1.200000e+02
   1.400000e+02
   1.600000e+02
   2.000000e+02
   2.500000e+02
   3.000000e+02
   4.000000e+02
   5.000000e+02
   7.000000e+02
   1.000000e+03
   1.500000e+03
   2.250000e+03
   3.350000e+03
   5.000000e+03
   7.400000e+03
   1.100000e+04
   1.300000e+04
   1.600000e+04
   2.400000e+04
   3.600000e+04
