# Living + remnant stellar mass as function of the BC03 selected timesteps
#   computed for a set of metallicity
#  and according to Salpeter+55 IMF
# 1) TimeStep, 2) Z=0.0000, 3) Z=0.0001, 4) Z=0.0004, 5) Z=0.004, 6) Z=0.008, 7) Z=0.02, 8) Z=0.05
   0.00000000e+00   1.00000000e+00   1.00000000e+00   1.00000000e+00   1.00000000e+00   1.00000000e+00   1.00000000e+00   1.00000000e+00
   1.00000000e-03   1.00000000e+00   1.00000000e+00   1.00000000e+00   1.00000000e+00   1.00000000e+00   1.00000000e+00   1.00000000e+00
   2.10000000e-03   1.00000000e+00   1.00000000e+00   1.00000000e+00   1.00000000e+00   1.00000000e+00   1.00000000e+00   9.99809762e-01
   3.20000000e-03   9.93627448e-01   9.93233253e-01   9.94285867e-01   9.93584858e-01   9.91665404e-01   9.89295838e-01   9.83547679e-01
   4.20000000e-03   9.89683161e-01   9.88349174e-01   9.89432757e-01   9.88395889e-01   9.84691621e-01   9.79956888e-01   9.74465576e-01
   5.20000000e-03   9.86550631e-01   9.84373176e-01   9.85359622e-01   9.83839853e-01   9.80089960e-01   9.72963466e-01   9.66099034e-01
   6.30000000e-03   9.82824159e-01   9.80140559e-01   9.81111912e-01   9.79564969e-01   9.75493990e-01   9.68064205e-01   9.61200814e-01
   7.60000000e-03   9.79698836e-01   9.76600247e-01   9.77600442e-01   9.76127134e-01   9.71875579e-01   9.64861100e-01   9.57782982e-01
   8.70000000e-03   9.77012502e-01   9.73496119e-01   9.74461537e-01   9.72931918e-01   9.68812744e-01   9.61628648e-01   9.54760631e-01
   1.00000000e-02   9.74399004e-01   9.70499335e-01   9.71391626e-01   9.69729832e-01   9.65749002e-01   9.58256770e-01   9.51794374e-01
   1.15000000e-02   9.72534644e-01   9.68406185e-01   9.69234018e-01   9.67461670e-01   9.63619629e-01   9.56333752e-01   9.49816572e-01
   1.26000000e-02   9.70618901e-01   9.66302769e-01   9.67140929e-01   9.65400529e-01   9.61704461e-01   9.54507552e-01   9.47989517e-01
   1.38000000e-02   9.68775175e-01   9.64325853e-01   9.65195635e-01   9.63525618e-01   9.59893096e-01   9.52692722e-01   9.46205499e-01
   1.51000000e-02   9.66777613e-01   9.62235350e-01   9.63160576e-01   9.61588469e-01   9.57982544e-01   9.50751945e-01   9.44294997e-01
   1.66000000e-02   9.64699763e-01   9.60116170e-01   9.61113592e-01   9.59658787e-01   9.56061209e-01   9.48975768e-01   9.42386277e-01
   1.82000000e-02   9.62617275e-01   9.58040749e-01   9.59114030e-01   9.57771937e-01   9.54186687e-01   9.47184641e-01   9.40654601e-01
   2.00000000e-02   9.60717166e-01   9.56168335e-01   9.57291500e-01   9.56027252e-01   9.52417716e-01   9.45422244e-01   9.39089077e-01
   2.19000000e-02   9.59749343e-01   9.55216599e-01   9.56363782e-01   9.55132412e-01   9.51501807e-01   9.44490508e-01   9.38297822e-01
   2.29000000e-02   9.58730526e-01   9.54213410e-01   9.55383898e-01   9.54189314e-01   9.50530368e-01   9.43494684e-01   9.37467721e-01
   2.40000000e-02   9.57745101e-01   9.53240173e-01   9.54431597e-01   9.53271108e-01   9.49579873e-01   9.42592308e-01   9.36665441e-01
   2.51000000e-02   9.56707183e-01   9.52210420e-01   9.53423760e-01   9.52298397e-01   9.48569816e-01   9.41708891e-01   9.35822587e-01
   2.63000000e-02   9.55724810e-01   9.51230183e-01   9.52459491e-01   9.51355672e-01   9.47633175e-01   9.40896584e-01   9.35001505e-01
   2.75000000e-02   9.54615233e-01   9.50117056e-01   9.51374600e-01   9.50303858e-01   9.46598780e-01   9.39960026e-01   9.34015161e-01
   2.90000000e-02   9.53267868e-01   9.48758013e-01   9.50062384e-01   9.49051116e-01   9.45364502e-01   9.38812183e-01   9.32775311e-01
   3.10000000e-02   9.52601126e-01   9.48082574e-01   9.49413781e-01   9.48438528e-01   9.44763803e-01   9.38241581e-01   9.32193138e-01
   3.20000000e-02   9.51952504e-01   9.47424086e-01   9.48782886e-01   9.47846296e-01   9.44179974e-01   9.37682274e-01   9.31646998e-01
   3.30000000e-02   9.51319641e-01   9.46780399e-01   9.48168451e-01   9.47271655e-01   9.43615615e-01   9.37136184e-01   9.31126183e-01
   3.40000000e-02   9.50697319e-01   9.46146473e-01   9.47565235e-01   9.46709545e-01   9.43062463e-01   9.36601599e-01   9.30626075e-01
   3.50000000e-02   9.49536150e-01   9.44962298e-01   9.46441111e-01   9.45666503e-01   9.42036463e-01   9.35600523e-01   9.29714118e-01
   3.70000000e-02   9.48941122e-01   9.44355309e-01   9.45866746e-01   9.45134920e-01   9.41514010e-01   9.35087892e-01   9.29258229e-01
   3.80000000e-02   9.48349710e-01   9.43752314e-01   9.45297811e-01   9.44611662e-01   9.40998725e-01   9.34582103e-01   9.28811045e-01
   3.90000000e-02   9.47763830e-01   9.43155538e-01   9.44734817e-01   9.44095886e-01   9.40491396e-01   9.34082054e-01   9.28374077e-01
   4.00000000e-02   9.46419141e-01   9.41788941e-01   9.43426240e-01   9.42894539e-01   9.39313854e-01   9.32961099e-01   9.27376832e-01
   4.25000000e-02   9.45240652e-01   9.40597314e-01   9.42239964e-01   9.41734382e-01   9.38191021e-01   9.31953534e-01   9.26425261e-01
   4.50000000e-02   9.44163220e-01   9.39514217e-01   9.41172157e-01   9.40684599e-01   9.37187313e-01   9.31025275e-01   9.25505484e-01
   4.75000000e-02   9.43159716e-01   9.38510135e-01   9.40184580e-01   9.39725682e-01   9.36261597e-01   9.30153767e-01   9.24644341e-01
   5.00000000e-02   9.42208590e-01   9.37561123e-01   9.39254892e-01   9.38826629e-01   9.35394197e-01   9.29329648e-01   9.23850897e-01
   5.25000000e-02   9.41295326e-01   9.36651134e-01   9.38367280e-01   9.37970537e-01   9.34567487e-01   9.28533536e-01   9.23113532e-01
   5.50000000e-02   9.40549649e-01   9.35908317e-01   9.37645987e-01   9.37275619e-01   9.33892962e-01   9.27884220e-01   9.22515707e-01
   5.71000000e-02   9.38250083e-01   9.33614385e-01   9.35415436e-01   9.35137442e-01   9.31820878e-01   9.25869996e-01   9.20704962e-01
   6.41000000e-02   9.35889323e-01   9.31243009e-01   9.33166626e-01   9.32971373e-01   9.29736243e-01   9.23929509e-01   9.18868802e-01
   7.19000000e-02   9.33415007e-01   9.28726061e-01   9.30856702e-01   9.30858674e-01   9.27764217e-01   9.22057998e-01   9.17115637e-01
   8.06000000e-02   9.30976172e-01   9.26210163e-01   9.28420242e-01   9.28659502e-01   9.25747725e-01   9.20132235e-01   9.15444143e-01
   9.05000000e-02   9.28731047e-01   9.23883475e-01   9.26180380e-01   9.26492906e-01   9.23701113e-01   9.18234401e-01   9.13788718e-01
   1.01500000e-01   9.26461565e-01   9.21543064e-01   9.23973153e-01   9.24424743e-01   9.21670160e-01   9.16426029e-01   9.12074766e-01
   1.13900000e-01   9.24153924e-01   9.19192429e-01   9.21713530e-01   9.22344362e-01   9.19590836e-01   9.14632648e-01   9.10352730e-01
   1.27800000e-01   9.21969724e-01   9.16983128e-01   9.19504649e-01   9.20199993e-01   9.17406885e-01   9.12796406e-01   9.08789386e-01
   1.43400000e-01   9.19789377e-01   9.14769185e-01   9.17388279e-01   9.18109509e-01   9.15326808e-01   9.10898059e-01   9.07291485e-01
   1.60900000e-01   9.17573110e-01   9.12490606e-01   9.15265797e-01   9.16103126e-01   9.13525424e-01   9.09096842e-01   9.05770014e-01
   1.80500000e-01   9.15283397e-01   9.10088180e-01   9.13046665e-01   9.14069179e-01   9.11809878e-01   9.07319599e-01   9.04185349e-01
   2.02600000e-01   9.13072277e-01   9.07705535e-01   9.10742585e-01   9.11962690e-01   9.10071957e-01   9.05519080e-01   9.02509229e-01
   2.27300000e-01   9.10925996e-01   9.05321419e-01   9.08635884e-01   9.09752189e-01   9.08280361e-01   9.03616916e-01   9.00756111e-01
   2.55000000e-01   9.08775636e-01   9.02846054e-01   9.06569496e-01   9.07752679e-01   9.06409211e-01   9.01590998e-01   8.99062138e-01
   2.86100000e-01   9.06607330e-01   9.00243921e-01   9.04492067e-01   9.05959965e-01   9.04516360e-01   8.99722030e-01   8.97475928e-01
   3.21000000e-01   9.04764878e-01   8.97937712e-01   9.02322823e-01   9.04180991e-01   9.02658707e-01   8.98064897e-01   8.95876000e-01
   3.60200000e-01   9.03134433e-01   8.95831810e-01   9.00121422e-01   9.02384448e-01   9.00718038e-01   8.96506387e-01   8.94231859e-01
   4.04200000e-01   9.01592129e-01   8.93790592e-01   8.98048286e-01   9.00543186e-01   8.98689399e-01   8.94976326e-01   8.92519887e-01
   4.53500000e-01   9.00092725e-01   8.91765441e-01   8.96039961e-01   8.98612529e-01   8.96563541e-01   8.93426474e-01   8.90760429e-01
   5.08800000e-01   8.98691069e-01   8.89836071e-01   8.94026461e-01   8.96671905e-01   8.94604104e-01   8.91821770e-01   8.89256984e-01
   5.70900000e-01   8.97377803e-01   8.87997573e-01   8.92022362e-01   8.94699096e-01   8.92999684e-01   8.90105700e-01   8.87879924e-01
   6.40500000e-01   8.96123465e-01   8.86221554e-01   8.90225646e-01   8.92654175e-01   8.91522965e-01   8.88134771e-01   8.86508647e-01
   7.18700000e-01   8.95025926e-01   8.84658249e-01   8.88506163e-01   8.90554167e-01   8.90118455e-01   8.85843933e-01   8.85127054e-01
   8.06400000e-01   8.94309099e-01   8.83633216e-01   8.86744642e-01   8.88629527e-01   8.88769323e-01   8.83169380e-01   8.83729844e-01
   9.04800000e-01   8.93495908e-01   8.82466068e-01   8.84910369e-01   8.86833140e-01   8.87281078e-01   8.80333285e-01   8.82258025e-01
   1.01520000e+00   8.91513780e-01   8.79612984e-01   8.82774936e-01   8.85005182e-01   8.85468510e-01   8.77984427e-01   8.80308946e-01
   1.13910000e+00   8.89600289e-01   8.76880200e-01   8.79477280e-01   8.81397824e-01   8.80489212e-01   8.75852818e-01   8.77524930e-01
   1.27810000e+00   8.88383643e-01   8.75169638e-01   8.77585397e-01   8.79954986e-01   8.78185869e-01   8.73800111e-01   8.74620629e-01
   1.43400000e+00   8.86538873e-01   8.72612774e-01   8.75853395e-01   8.78635573e-01   8.75653013e-01   8.71805641e-01   8.72485456e-01
   1.60900000e+00   8.85840875e-01   8.71642900e-01   8.75132369e-01   8.78063600e-01   8.74893171e-01   8.71099675e-01   8.71798802e-01
   1.68000000e+00   8.85763384e-01   8.71534760e-01   8.74919708e-01   8.77893373e-01   8.74676192e-01   8.70897755e-01   8.71601594e-01
   1.70000000e+00   8.85378072e-01   8.70994921e-01   8.73854145e-01   8.77040278e-01   8.73586215e-01   8.69881895e-01   8.70632841e-01
   1.80000000e+00   8.84994248e-01   8.70452405e-01   8.72774956e-01   8.76175729e-01   8.72714032e-01   8.68943512e-01   8.69783040e-01
   1.90000000e+00   8.84612232e-01   8.69907349e-01   8.71950079e-01   8.75359974e-01   8.71964002e-01   8.68167801e-01   8.68914479e-01
   2.00000000e+00   8.84232372e-01   8.69359910e-01   8.71270201e-01   8.74718014e-01   8.71203538e-01   8.67379964e-01   8.68074432e-01
   2.10000000e+00   8.83867711e-01   8.68828834e-01   8.70586402e-01   8.74071954e-01   8.70401281e-01   8.66588228e-01   8.67472714e-01
   2.20000000e+00   8.83569714e-01   8.68391188e-01   8.69898988e-01   8.73421947e-01   8.68825502e-01   8.65988626e-01   8.66862405e-01
   2.30000000e+00   8.83274667e-01   8.67954610e-01   8.69316145e-01   8.72763139e-01   8.67382428e-01   8.65381751e-01   8.66243314e-01
   2.40000000e+00   8.82982866e-01   8.67519351e-01   8.68923926e-01   8.71603902e-01   8.66853358e-01   8.64767495e-01   8.65615248e-01
   2.50000000e+00   8.82694624e-01   8.67085681e-01   8.68531723e-01   8.70434052e-01   8.66319020e-01   8.64145750e-01   8.65101177e-01
   2.60000000e+00   8.82269294e-01   8.66438746e-01   8.67943906e-01   8.69347457e-01   8.65508443e-01   8.62685575e-01   8.64364718e-01
   2.75000000e+00   8.81707005e-01   8.65569401e-01   8.66966278e-01   8.68505327e-01   8.64209139e-01   8.60010938e-01   8.63114915e-01
   3.00000000e+00   8.81263945e-01   8.64874459e-01   8.66153374e-01   8.67657242e-01   8.63557585e-01   8.58931714e-01   8.61276821e-01
   3.25000000e+00   8.80834533e-01   8.64190977e-01   8.65530174e-01   8.66803895e-01   8.62899707e-01   8.57831466e-01   8.58927187e-01
   3.50000000e+00   8.80420868e-01   8.63521226e-01   8.64910810e-01   8.66218943e-01   8.62235547e-01   8.56880447e-01   8.58133569e-01
   3.75000000e+00   8.80107756e-01   8.63005332e-01   8.64296319e-01   8.65680427e-01   8.61565162e-01   8.56164760e-01   8.57331337e-01
   4.00000000e+00   8.79860381e-01   8.62593912e-01   8.63689265e-01   8.65139051e-01   8.60934581e-01   8.55442041e-01   8.56520615e-01
   4.25000000e+00   8.79618953e-01   8.62188735e-01   8.63303963e-01   8.64594994e-01   8.60423786e-01   8.54712369e-01   8.55756760e-01
   4.50000000e+00   8.79384069e-01   8.61790539e-01   8.62920829e-01   8.64048461e-01   8.59909854e-01   8.53978105e-01   8.55217652e-01
   4.75000000e+00   8.79156379e-01   8.61400132e-01   8.62540195e-01   8.63515175e-01   8.59392864e-01   8.53586593e-01   8.54675573e-01
   5.00000000e+00   8.78936588e-01   8.61018393e-01   8.62162417e-01   8.63161952e-01   8.58872908e-01   8.53193389e-01   8.54130643e-01
   5.25000000e+00   8.78747137e-01   8.60684177e-01   8.61787883e-01   8.62807144e-01   8.58350093e-01   8.52798528e-01   8.53582993e-01
   5.50000000e+00   8.78617727e-01   8.60452360e-01   8.61417010e-01   8.62450792e-01   8.57827708e-01   8.52402049e-01   8.53032775e-01
   5.75000000e+00   8.78490511e-01   8.60223205e-01   8.61050250e-01   8.62092940e-01   8.57519500e-01   8.52003996e-01   8.52490538e-01
   6.00000000e+00   8.78365643e-01   8.59996929e-01   8.60798128e-01   8.61733640e-01   8.57210264e-01   8.51604417e-01   8.52195350e-01
   6.25000000e+00   8.78243289e-01   8.59773758e-01   8.60579285e-01   8.61372947e-01   8.56900025e-01   8.51203366e-01   8.51899433e-01
   6.50000000e+00   8.78123622e-01   8.59553936e-01   8.60361445e-01   8.61010921e-01   8.56588811e-01   8.50800900e-01   8.51602816e-01
   6.75000000e+00   8.78006829e-01   8.59337719e-01   8.60144702e-01   8.60647631e-01   8.56276654e-01   8.50425796e-01   8.51305529e-01
   7.00000000e+00   8.77893104e-01   8.59125382e-01   8.59929157e-01   8.60318606e-01   8.55963585e-01   8.50169333e-01   8.51007606e-01
   7.25000000e+00   8.77782657e-01   8.58917213e-01   8.59714914e-01   8.60107060e-01   8.55649641e-01   8.49912257e-01   8.50709080e-01
   7.50000000e+00   8.77675707e-01   8.58713522e-01   8.59502083e-01   8.59894763e-01   8.55334858e-01   8.49654585e-01   8.50409991e-01
   7.75000000e+00   8.77598928e-01   8.58565850e-01   8.59290782e-01   8.59681721e-01   8.55019278e-01   8.49396333e-01   8.50110377e-01
   8.00000000e+00   8.77541626e-01   8.58455317e-01   8.59081133e-01   8.59467941e-01   8.54702944e-01   8.49137521e-01   8.49810281e-01
   8.25000000e+00   8.77484909e-01   8.58345671e-01   8.58873265e-01   8.59253433e-01   8.54389173e-01   8.48878167e-01   8.49509748e-01
   8.50000000e+00   8.77428806e-01   8.58236955e-01   8.58667315e-01   8.59038204e-01   8.54198990e-01   8.48618292e-01   8.49208827e-01
   8.75000000e+00   8.77373340e-01   8.58129212e-01   8.58464675e-01   8.58822263e-01   8.54008393e-01   8.48357917e-01   8.48939080e-01
   9.00000000e+00   8.77318541e-01   8.58022487e-01   8.58348649e-01   8.58605622e-01   8.53817392e-01   8.48097067e-01   8.48774280e-01
   9.25000000e+00   8.77264437e-01   8.57916827e-01   8.58232950e-01   8.58388289e-01   8.53625994e-01   8.47835765e-01   8.48609254e-01
   9.50000000e+00   8.77211058e-01   8.57812281e-01   8.58117599e-01   8.58170277e-01   8.53434207e-01   8.47574037e-01   8.48444010e-01
   9.75000000e+00   8.77158433e-01   8.57708900e-01   8.58002614e-01   8.57951599e-01   8.53242043e-01   8.47311910e-01   8.48278556e-01
   1.00000000e+01   8.77106596e-01   8.57606734e-01   8.57888019e-01   8.57732267e-01   8.53049509e-01   8.47049413e-01   8.48112897e-01
   1.02500000e+01   8.77055578e-01   8.57505840e-01   8.57773833e-01   8.57512296e-01   8.52856616e-01   8.46853183e-01   8.47947042e-01
   1.05000000e+01   8.77005415e-01   8.57406272e-01   8.57660079e-01   8.57291700e-01   8.52663375e-01   8.46694153e-01   8.47780998e-01
   1.07500000e+01   8.76956141e-01   8.57308090e-01   8.57546780e-01   8.57085065e-01   8.52469797e-01   8.46534881e-01   8.47614775e-01
   1.10000000e+01   8.76907794e-01   8.57211355e-01   8.57433961e-01   8.56954406e-01   8.52275893e-01   8.46375373e-01   8.47448380e-01
   1.12500000e+01   8.76860412e-01   8.57116128e-01   8.57321645e-01   8.56823389e-01   8.52081677e-01   8.46215633e-01   8.47281822e-01
   1.15000000e+01   8.76814034e-01   8.57022476e-01   8.57209858e-01   8.56692016e-01   8.51887160e-01   8.46055668e-01   8.47115111e-01
   1.17500000e+01   8.76768702e-01   8.56930466e-01   8.57098627e-01   8.56560286e-01   8.51692356e-01   8.45895483e-01   8.46948255e-01
   1.20000000e+01   8.76728562e-01   8.56848567e-01   8.56987979e-01   8.56428201e-01   8.51497279e-01   8.45735085e-01   8.46781265e-01
   1.22500000e+01   8.76728562e-01   8.56848567e-01   8.56877941e-01   8.56295762e-01   8.51301945e-01   8.45574479e-01   8.46614151e-01
   1.25000000e+01   8.76728562e-01   8.56848567e-01   8.56768543e-01   8.56162969e-01   8.51106367e-01   8.45413672e-01   8.46446924e-01
   1.27500000e+01   8.76728562e-01   8.56848567e-01   8.56659815e-01   8.56029823e-01   8.50910563e-01   8.45252672e-01   8.46279594e-01
   1.30000000e+01   8.76728562e-01   8.56848567e-01   8.56551789e-01   8.55896326e-01   8.50797884e-01   8.45091484e-01   8.46112173e-01
   1.32500000e+01   8.76728562e-01   8.56848567e-01   8.56444495e-01   8.55762479e-01   8.50685060e-01   8.44930116e-01   8.45944673e-01
   1.35000000e+01   8.76728562e-01   8.56848567e-01   8.56337968e-01   8.55628282e-01   8.50572075e-01   8.44768575e-01   8.45777106e-01
   1.37500000e+01   8.76728562e-01   8.56848567e-01   8.56232241e-01   8.55493738e-01   8.50458932e-01   8.44606870e-01   8.45609484e-01
   1.40000000e+01   8.76728562e-01   8.56848567e-01   8.56165014e-01   8.55358847e-01   8.50345632e-01   8.44445008e-01   8.45444611e-01
   1.42500000e+01   8.76728562e-01   8.56848567e-01   8.56165014e-01   8.55223612e-01   8.50232177e-01   8.44282998e-01   8.45346535e-01
   1.45000000e+01   8.76728562e-01   8.56848567e-01   8.56165014e-01   8.55088034e-01   8.50118569e-01   8.44120849e-01   8.45248371e-01
   1.47500000e+01   8.76728562e-01   8.56848567e-01   8.56165014e-01   8.54952115e-01   8.50004811e-01   8.43958568e-01   8.45150120e-01
   1.50000000e+01   8.76728562e-01   8.56848567e-01   8.56165014e-01   8.54815857e-01   8.49890904e-01   8.43796166e-01   8.45051784e-01
