# Living + remnant stellar mass as function of the BC03 selected timesteps
#   computed for a set of metallicity
#  and according to Chabrier+03 IMF
# 1) TimeStep, 2) Z=0.0000, 3) Z=0.0001, 4) Z=0.0004, 5) Z=0.004, 6) Z=0.008, 7) Z=0.02, 8) Z=0.05
   0.00000000e+00   1.00000000e+00   1.00000000e+00   1.00000000e+00   1.00000000e+00   1.00000000e+00   1.00000000e+00   1.00000000e+00
   1.00000000e-03   1.00000000e+00   1.00000000e+00   1.00000000e+00   1.00000000e+00   1.00000000e+00   1.00000000e+00   1.00000000e+00
   2.10000000e-03   1.00000000e+00   1.00000000e+00   1.00000000e+00   1.00000000e+00   1.00000000e+00   1.00000000e+00   9.99668877e-01
   3.20000000e-03   9.88922537e-01   9.88238194e-01   9.90084062e-01   9.88854307e-01   9.85547740e-01   9.81407669e-01   9.71742837e-01
   4.20000000e-03   9.82222580e-01   9.79943368e-01   9.81842413e-01   9.80043939e-01   9.73717243e-01   9.65590910e-01   9.56587133e-01
   5.20000000e-03   9.76984059e-01   9.73293681e-01   9.75031025e-01   9.72425994e-01   9.66035978e-01   9.53955660e-01   9.42861350e-01
   6.30000000e-03   9.70822636e-01   9.66295190e-01   9.68009162e-01   9.65361738e-01   9.58454348e-01   9.45912703e-01   9.34922574e-01
   7.60000000e-03   9.65701970e-01   9.60494663e-01   9.62256819e-01   9.59731525e-01   9.52540674e-01   9.40700454e-01   9.29425456e-01
   8.70000000e-03   9.61329351e-01   9.55441994e-01   9.57148221e-01   9.54532470e-01   9.47566144e-01   9.35470944e-01   9.24591038e-01
   1.00000000e-02   9.57099007e-01   9.50591215e-01   9.52180139e-01   9.49352461e-01   9.42617367e-01   9.30047227e-01   9.19869907e-01
   1.15000000e-02   9.54095655e-01   9.47219281e-01   9.48705512e-01   9.45701942e-01   9.39194361e-01   9.26968897e-01   9.16735441e-01
   1.26000000e-02   9.51020584e-01   9.43842948e-01   9.45347056e-01   9.42396917e-01   9.36126216e-01   9.24054647e-01   9.13848433e-01
   1.38000000e-02   9.48071266e-01   9.40680558e-01   9.42236334e-01   9.39400425e-01   9.33233402e-01   9.21167185e-01   9.11037222e-01
   1.51000000e-02   9.44886585e-01   9.37347687e-01   9.38992729e-01   9.36314161e-01   9.30191492e-01   9.18088614e-01   9.08035019e-01
   1.66000000e-02   9.41585392e-01   9.33980809e-01   9.35741062e-01   9.33249561e-01   9.27142010e-01   9.15279498e-01   9.05044174e-01
   1.82000000e-02   9.38288038e-01   9.30694636e-01   9.32575112e-01   9.30262217e-01   9.24175874e-01   9.12454593e-01   9.02337989e-01
   2.00000000e-02   9.35288894e-01   9.27739204e-01   9.29698232e-01   9.27507946e-01   9.21384845e-01   9.09682636e-01   8.99897312e-01
   2.19000000e-02   9.33764967e-01   9.26240606e-01   9.28237274e-01   9.26098493e-01   9.19943063e-01   9.08220461e-01   8.98666004e-01
   2.29000000e-02   9.32163066e-01   9.24663278e-01   9.26696348e-01   9.24615055e-01   9.18416000e-01   9.06659876e-01   8.97375661e-01
   2.40000000e-02   9.30615960e-01   9.23135306e-01   9.25200964e-01   9.23172788e-01   9.16923998e-01   9.05247696e-01   8.96129957e-01
   2.51000000e-02   9.28988835e-01   9.21520983e-01   9.23620655e-01   9.21647039e-01   9.15340774e-01   9.03866943e-01   8.94822696e-01
   2.63000000e-02   9.27451081e-01   9.19986575e-01   9.22110876e-01   9.20170427e-01   9.13874740e-01   9.02598876e-01   8.93550640e-01
   2.75000000e-02   9.25716799e-01   9.18246744e-01   9.20414723e-01   9.18525306e-01   9.12257964e-01   9.01138614e-01   8.92024361e-01
   2.90000000e-02   9.23614541e-01   9.16126268e-01   9.18366662e-01   9.16569134e-01   9.10331857e-01   8.99351493e-01   8.90108587e-01
   3.10000000e-02   9.22575952e-01   9.15074130e-01   9.17355952e-01   9.15614017e-01   9.09395842e-01   8.98464301e-01   8.89210249e-01
   3.20000000e-02   9.21566533e-01   9.14049358e-01   9.16373718e-01   9.14691423e-01   9.08486869e-01   8.97595343e-01   8.88368133e-01
   3.30000000e-02   9.20582534e-01   9.13048529e-01   9.15417946e-01   9.13796966e-01   9.07608911e-01   8.96747556e-01   8.87565621e-01
   3.40000000e-02   9.19615781e-01   9.12063750e-01   9.14480419e-01   9.12922709e-01   9.06749054e-01   8.95918240e-01   8.86795515e-01
   3.50000000e-02   9.17814024e-01   9.10226296e-01   9.12735203e-01   9.11302109e-01   9.05155757e-01   8.94366712e-01   8.85392376e-01
   3.70000000e-02   9.16892028e-01   9.09285766e-01   9.11844684e-01   9.10477201e-01   9.04345408e-01   8.93573125e-01   8.84691641e-01
   3.80000000e-02   9.15976389e-01   9.08352193e-01   9.10963270e-01   9.09665796e-01   9.03546741e-01   8.92790660e-01   8.84004679e-01
   3.90000000e-02   9.15070049e-01   9.07428997e-01   9.10091730e-01   9.08866562e-01   9.02760949e-01   8.92017590e-01   8.83333783e-01
   4.00000000e-02   9.12992298e-01   9.05317393e-01   9.08068274e-01   9.07006918e-01   9.00938922e-01   8.90286265e-01   8.81803904e-01
   4.25000000e-02   9.11174641e-01   9.03479473e-01   9.06237191e-01   9.05214054e-01   8.99204371e-01   8.88732361e-01   8.80345983e-01
   4.50000000e-02   9.09515469e-01   9.01811578e-01   9.04591568e-01   9.03594283e-01   8.97656152e-01   8.87302654e-01   8.78938517e-01
   4.75000000e-02   9.07972361e-01   9.00267580e-01   9.03071733e-01   9.02116788e-01   8.96230141e-01   8.85961987e-01   8.77622316e-01
   5.00000000e-02   9.06511755e-01   8.98810219e-01   9.01642873e-01   9.00733296e-01   8.94895599e-01   8.84695677e-01   8.76410905e-01
   5.25000000e-02   9.05111067e-01   8.97414554e-01   9.00280374e-01   8.99417501e-01   8.93625132e-01   8.83473734e-01   8.75286246e-01
   5.50000000e-02   9.03968721e-01   8.96276590e-01   8.99174419e-01   8.98350583e-01   8.92589619e-01   8.82478097e-01   8.74375235e-01
   5.71000000e-02   9.00451887e-01   8.92768374e-01   8.95760010e-01   8.95073068e-01   8.89413526e-01   8.79394124e-01   8.71619492e-01
   6.41000000e-02   8.96852737e-01   8.89153048e-01   8.92328026e-01   8.91762453e-01   8.86227124e-01   8.76430907e-01   8.68831704e-01
   7.19000000e-02   8.93092616e-01   8.85328157e-01   8.88813419e-01   8.88542596e-01   8.83220950e-01   8.73580179e-01   8.66176142e-01
   8.06000000e-02   8.89398580e-01   8.81517415e-01   8.85117732e-01   8.85200391e-01   8.80154988e-01   8.70654040e-01   8.63649932e-01
   9.05000000e-02   8.86008473e-01   8.78004166e-01   8.81730495e-01   8.81917059e-01   8.77051399e-01   8.67777467e-01   8.61153470e-01
   1.01500000e-01   8.82591679e-01   8.74480595e-01   8.78402036e-01   8.78791370e-01   8.73979570e-01   8.65042925e-01   8.58574434e-01
   1.13900000e-01   8.79127633e-01   8.70952016e-01   8.75004128e-01   8.75655447e-01   8.70842742e-01   8.62337204e-01   8.55989037e-01
   1.27800000e-01   8.75858169e-01   8.67644985e-01   8.71691770e-01   8.72431612e-01   8.67556843e-01   8.59573120e-01   8.53646821e-01
   1.43400000e-01   8.72603313e-01   8.64339992e-01   8.68526584e-01   8.69297051e-01   8.64435602e-01   8.56722168e-01   8.51406993e-01
   1.60900000e-01   8.69303861e-01   8.60947807e-01   8.65360522e-01   8.66296153e-01   8.61738988e-01   8.54023221e-01   8.49136189e-01
   1.80500000e-01   8.65904677e-01   8.57381357e-01   8.62059042e-01   8.63261521e-01   8.59176411e-01   8.51365965e-01   8.46775544e-01
   2.02600000e-01   8.62631612e-01   8.53854490e-01   8.58640563e-01   8.60126541e-01   8.56585833e-01   8.48679716e-01   8.44283532e-01
   2.27300000e-01   8.59463508e-01   8.50335471e-01   8.55523289e-01   8.56845275e-01   8.53920868e-01   8.45848031e-01   8.41682306e-01
   2.55000000e-01   8.56298446e-01   8.46692270e-01   8.52473217e-01   8.53884635e-01   8.51143613e-01   8.42839011e-01   8.39173890e-01
   2.86100000e-01   8.53116397e-01   8.42873909e-01   8.49414294e-01   8.51236084e-01   8.48340313e-01   8.40069431e-01   8.36829601e-01
   3.21000000e-01   8.50420358e-01   8.39499653e-01   8.46228054e-01   8.48613235e-01   8.45595140e-01   8.37618644e-01   8.34469481e-01
   3.60200000e-01   8.48040466e-01   8.36426195e-01   8.43002707e-01   8.45969909e-01   8.42733482e-01   8.35317886e-01   8.32048777e-01
   4.04200000e-01   8.45794424e-01   8.33454091e-01   8.39972595e-01   8.43266430e-01   8.39748798e-01   8.33063071e-01   8.29533201e-01
   4.53500000e-01   8.43615792e-01   8.30512125e-01   8.37043937e-01   8.40437703e-01   8.36628352e-01   8.30783080e-01   8.26953181e-01
   5.08800000e-01   8.41583674e-01   8.27715553e-01   8.34114404e-01   8.37600448e-01   8.33758696e-01   8.28426614e-01   8.24752973e-01
   5.70900000e-01   8.39683634e-01   8.25056276e-01   8.31205246e-01   8.34722322e-01   8.31413465e-01   8.25911299e-01   8.22741232e-01
   6.40500000e-01   8.37872419e-01   8.22492490e-01   8.28602858e-01   8.31745548e-01   8.29258461e-01   8.23028310e-01   8.20741195e-01
   7.18700000e-01   8.36290489e-01   8.20239906e-01   8.26117365e-01   8.28695537e-01   8.27212029e-01   8.19685218e-01   8.18729351e-01
   8.06400000e-01   8.35258923e-01   8.18765279e-01   8.23576053e-01   8.25906477e-01   8.25249299e-01   8.15792781e-01   8.16698097e-01
   9.04800000e-01   8.34090103e-01   8.17088274e-01   8.20935003e-01   8.23308566e-01   8.23087555e-01   8.11677769e-01   8.14562058e-01
   1.01520000e+00   8.31246884e-01   8.12997210e-01   8.17867149e-01   8.20670208e-01   8.20459450e-01   8.08279192e-01   8.11739030e-01
   1.13910000e+00   8.28510926e-01   8.09091337e-01   8.13144483e-01   8.15481011e-01   8.13267212e-01   8.05202316e-01   8.07717372e-01
   1.27810000e+00   8.26775713e-01   8.06652685e-01   8.10442102e-01   8.13416463e-01   8.09956761e-01   8.02245951e-01   8.03535449e-01
   1.43400000e+00   8.24151142e-01   8.03016510e-01   8.07973121e-01   8.11531273e-01   8.06326089e-01   7.99379701e-01   8.00469436e-01
   1.60900000e+00   8.23160902e-01   8.01641098e-01   8.06946963e-01   8.10715021e-01   8.05239180e-01   7.98366890e-01   7.99485166e-01
   1.68000000e+00   8.23051038e-01   8.01487840e-01   8.06644509e-01   8.10472215e-01   8.04929007e-01   7.98077378e-01   7.99202653e-01
   1.70000000e+00   8.22504936e-01   8.00723025e-01   8.05129978e-01   8.09255935e-01   8.03371769e-01   7.96621605e-01   7.97815572e-01
   1.80000000e+00   8.21961329e-01   7.99954967e-01   8.03598167e-01   8.08024520e-01   8.02127112e-01   7.95278310e-01   7.96600061e-01
   1.90000000e+00   8.21420672e-01   7.99183872e-01   8.02428803e-01   8.06863715e-01   8.01057736e-01   7.94168902e-01   7.95358933e-01
   2.00000000e+00   8.20883459e-01   7.98409976e-01   8.01465905e-01   8.05950996e-01   7.99974419e-01   7.93043120e-01   7.94159714e-01
   2.10000000e+00   8.20368114e-01   7.97659761e-01   8.00498321e-01   8.05033175e-01   7.98832596e-01   7.91912753e-01   7.93301407e-01
   2.20000000e+00   8.19947252e-01   7.97041930e-01   7.99526508e-01   8.04110490e-01   7.96593044e-01   7.91057358e-01   7.92431442e-01
   2.30000000e+00   8.19530807e-01   7.96425979e-01   7.98703239e-01   8.03176082e-01   7.94545946e-01   7.90192166e-01   7.91549574e-01
   2.40000000e+00   8.19119191e-01   7.95812264e-01   7.98149573e-01   8.01533716e-01   7.93796276e-01   7.89317043e-01   7.90655552e-01
   2.50000000e+00   8.18712844e-01   7.95201168e-01   7.97596227e-01   7.99878803e-01   7.93039647e-01   7.88431859e-01   7.89924288e-01
   2.60000000e+00   8.18113669e-01   7.94290220e-01   7.96767422e-01   7.98343882e-01   7.91892769e-01   7.86355253e-01   7.88877412e-01
   2.75000000e+00   8.17322370e-01   7.93067371e-01   7.95390387e-01   7.97155576e-01   7.90056632e-01   7.82560254e-01   7.87102776e-01
   3.00000000e+00   8.16699570e-01   7.92090971e-01   7.94246870e-01   7.95960242e-01   7.89136977e-01   7.81032041e-01   7.84497693e-01
   3.25000000e+00   8.16096603e-01   7.91131718e-01   7.93371106e-01   7.94758903e-01   7.88209176e-01   7.79476114e-01   7.81176688e-01
   3.50000000e+00   8.15516382e-01   7.90192781e-01   7.92501553e-01   7.93936286e-01   7.87273310e-01   7.78132918e-01   7.80056868e-01
   3.75000000e+00   8.15077645e-01   7.89470288e-01   7.91639669e-01   7.93179566e-01   7.86329491e-01   7.77123086e-01   7.78926017e-01
   4.00000000e+00   8.14731292e-01   7.88894568e-01   7.90789047e-01   7.92419418e-01   7.85442465e-01   7.76104234e-01   7.77784352e-01
   4.25000000e+00   8.14393515e-01   7.88328006e-01   7.90249607e-01   7.91656106e-01   7.84724464e-01   7.75076509e-01   7.76709754e-01
   4.50000000e+00   8.14065138e-01   7.87771628e-01   7.89713549e-01   7.90889932e-01   7.84002541e-01   7.74043259e-01   7.75951939e-01
   4.75000000e+00   8.13747057e-01   7.87226552e-01   7.89181337e-01   7.90142924e-01   7.83276822e-01   7.73492743e-01   7.75190477e-01
   5.00000000e+00   8.13440243e-01   7.86693993e-01   7.88653468e-01   7.89648466e-01   7.82547447e-01   7.72940120e-01   7.74425546e-01
   5.25000000e+00   8.13176666e-01   7.86229259e-01   7.88130482e-01   7.89152054e-01   7.81814578e-01   7.72385446e-01   7.73657346e-01
   5.50000000e+00   8.12999070e-01   7.85911124e-01   7.87612958e-01   7.88653750e-01   7.81082833e-01   7.71828783e-01   7.72886100e-01
   5.75000000e+00   8.12825118e-01   7.85597785e-01   7.87101526e-01   7.88153623e-01   7.80651355e-01   7.71270195e-01   7.72126590e-01
   6.00000000e+00   8.12655011e-01   7.85289528e-01   7.86753252e-01   7.87651747e-01   7.80218622e-01   7.70709755e-01   7.71713355e-01
   6.25000000e+00   8.12488960e-01   7.84986657e-01   7.86453079e-01   7.87148205e-01   7.79784674e-01   7.70147543e-01   7.71299264e-01
   6.50000000e+00   8.12327187e-01   7.84689487e-01   7.86155183e-01   7.86643088e-01   7.79349550e-01   7.69583645e-01   7.70884359e-01
   6.75000000e+00   8.12169924e-01   7.84398352e-01   7.85859699e-01   7.86136493e-01   7.78913298e-01   7.69058353e-01   7.70468685e-01
   7.00000000e+00   8.12017415e-01   7.84113600e-01   7.85566768e-01   7.85678775e-01   7.78475964e-01   7.68699350e-01   7.70052291e-01
   7.25000000e+00   8.11869916e-01   7.83835598e-01   7.85276534e-01   7.85388110e-01   7.78037602e-01   7.68339611e-01   7.69635227e-01
   7.50000000e+00   8.11727695e-01   7.83564731e-01   7.84989152e-01   7.85097091e-01   7.77598265e-01   7.67979163e-01   7.69217548e-01
   7.75000000e+00   8.11625992e-01   7.83369122e-01   7.84704779e-01   7.84805739e-01   7.77158015e-01   7.67618029e-01   7.68799310e-01
   8.00000000e+00   8.11550295e-01   7.83223108e-01   7.84423581e-01   7.84514079e-01   7.76716916e-01   7.67256237e-01   7.68380576e-01
   8.25000000e+00   8.11475561e-01   7.83078629e-01   7.84145730e-01   7.84222134e-01   7.76279671e-01   7.66893816e-01   7.67961410e-01
   8.50000000e+00   8.11401821e-01   7.82935738e-01   7.83871407e-01   7.83929930e-01   7.76018115e-01   7.66530795e-01   7.67541880e-01
   8.75000000e+00   8.11329108e-01   7.82794491e-01   7.83602453e-01   7.83637492e-01   7.75756494e-01   7.66167206e-01   7.67166618e-01
   9.00000000e+00   8.11257456e-01   7.82654944e-01   7.83448911e-01   7.83344848e-01   7.75494825e-01   7.65803083e-01   7.66940058e-01
   9.25000000e+00   8.11186899e-01   7.82517153e-01   7.83296125e-01   7.83052025e-01   7.75233127e-01   7.65438461e-01   7.66713560e-01
   9.50000000e+00   8.11117473e-01   7.82381180e-01   7.83144123e-01   7.82759055e-01   7.74971420e-01   7.65073378e-01   7.66487138e-01
   9.75000000e+00   8.11049215e-01   7.82247085e-01   7.82992932e-01   7.82465966e-01   7.74709724e-01   7.64707872e-01   7.66260806e-01
   1.00000000e+01   8.10982162e-01   7.82114932e-01   7.82842580e-01   7.82172792e-01   7.74448059e-01   7.64341984e-01   7.66034577e-01
   1.02500000e+01   8.10916353e-01   7.81984786e-01   7.82693096e-01   7.81879564e-01   7.74186445e-01   7.64070317e-01   7.65808468e-01
   1.05000000e+01   8.10851828e-01   7.81856714e-01   7.82544510e-01   7.81586319e-01   7.73924906e-01   7.63851783e-01   7.65582492e-01
   1.07500000e+01   8.10788630e-01   7.81730784e-01   7.82396853e-01   7.81312376e-01   7.73663464e-01   7.63633259e-01   7.65356664e-01
   1.10000000e+01   8.10726799e-01   7.81607069e-01   7.82250156e-01   7.81139518e-01   7.73402141e-01   7.63414755e-01   7.65131002e-01
   1.12500000e+01   8.10666380e-01   7.81485642e-01   7.82104450e-01   7.80966481e-01   7.73140962e-01   7.63196283e-01   7.64905521e-01
   1.15000000e+01   8.10607417e-01   7.81366578e-01   7.81959770e-01   7.80793269e-01   7.72879951e-01   7.62977853e-01   7.64680237e-01
   1.17500000e+01   8.10549958e-01   7.81249954e-01   7.81816147e-01   7.80619886e-01   7.72619134e-01   7.62759479e-01   7.64455167e-01
   1.20000000e+01   8.10499228e-01   7.81146448e-01   7.81673619e-01   7.80446338e-01   7.72358538e-01   7.62541171e-01   7.64230330e-01
   1.22500000e+01   8.10499228e-01   7.81146448e-01   7.81532219e-01   7.80272630e-01   7.72098189e-01   7.62322943e-01   7.64005742e-01
   1.25000000e+01   8.10499228e-01   7.81146448e-01   7.81391984e-01   7.80098766e-01   7.71838115e-01   7.62104807e-01   7.63781423e-01
   1.27500000e+01   8.10499228e-01   7.81146448e-01   7.81252952e-01   7.79924751e-01   7.71578346e-01   7.61886776e-01   7.63557391e-01
   1.30000000e+01   8.10499228e-01   7.81146448e-01   7.81115162e-01   7.79750591e-01   7.71429160e-01   7.61668863e-01   7.63333666e-01
   1.32500000e+01   8.10499228e-01   7.81146448e-01   7.80978653e-01   7.79576292e-01   7.71279984e-01   7.61451082e-01   7.63110267e-01
   1.35000000e+01   8.10499228e-01   7.81146448e-01   7.80843465e-01   7.79401859e-01   7.71130802e-01   7.61233447e-01   7.62887215e-01
   1.37500000e+01   8.10499228e-01   7.81146448e-01   7.80709640e-01   7.79227297e-01   7.70981617e-01   7.61015972e-01   7.62664530e-01
   1.40000000e+01   8.10499228e-01   7.81146448e-01   7.80624736e-01   7.79052613e-01   7.70832434e-01   7.60798672e-01   7.62445930e-01
   1.42500000e+01   8.10499228e-01   7.81146448e-01   7.80624736e-01   7.78877813e-01   7.70683257e-01   7.60581562e-01   7.62316102e-01
   1.45000000e+01   8.10499228e-01   7.81146448e-01   7.80624736e-01   7.78702902e-01   7.70534090e-01   7.60364657e-01   7.62186309e-01
   1.47500000e+01   8.10499228e-01   7.81146448e-01   7.80624736e-01   7.78527888e-01   7.70384939e-01   7.60147974e-01   7.62056557e-01
   1.50000000e+01   8.10499228e-01   7.81146448e-01   7.80624736e-01   7.78352777e-01   7.70235807e-01   7.59931528e-01   7.61926848e-01
