# New G.A.S. format
# filter of Megaprime_u
# download from  "Filter Profile Service" (http://svo2.cab.inta-csic.es/theory/fps)
# After the "START" signal, the file is bild as follow:
# Filter name
# nwave: number of wavelenght
# center wavelenght [micron]
# and for l=1 to nwave, lambda [micron] | transmission [without unit]
START
Megaprime_u
059
0.37431
0.31800   0.0032300
0.32000   0.0041200
0.32200   0.0055400
0.32400   0.0084800
0.32600   0.0159000
0.32800   0.0353400
0.33000   0.0768400
0.33200   0.1484800
0.33400   0.2499500
0.33600   0.3661800
0.33800   0.4771600
0.34000   0.5656100
0.34200   0.6239000
0.34400   0.6610400
0.34600   0.6871900
0.34800   0.7097300
0.35000   0.7341800
0.35200   0.7551400
0.35400   0.7695300
0.35600   0.7749200
0.35800   0.7695800
0.36000   0.7615100
0.36200   0.7518000
0.36400   0.7404000
0.36600   0.7250500
0.36800   0.6982300
0.37000   0.6629900
0.37200   0.6289500
0.37400   0.6041700
0.37600   0.5986900
0.37800   0.6153100
0.38000   0.6478000
0.38200   0.6892200
0.38400   0.7262100
0.38600   0.7483700
0.38800   0.7526400
0.39000   0.7435000
0.39200   0.7309900
0.39400   0.7244600
0.39600   0.7271700
0.39800   0.7342200
0.40000   0.7398700
0.40200   0.7353700
0.40400   0.7143900
0.40600   0.6715500
0.40800   0.6022900
0.41000   0.5090900
0.41200   0.4000100
0.41400   0.2898900
0.41600   0.1933300
0.41800   0.1194900
0.42000   0.0702100
0.42200   0.0405900
0.42400   0.0240200
0.42600   0.0148900
0.42800   0.0096600
0.43000   0.0065800
0.43200   0.0047000
0.43400   0.0034600
