# New G.A.S. format
# filter of Megaprime_r
# download from  "Filter Profile Service" (http://svo2.cab.inta-csic.es/theory/fps)
# After the "START" signal, the file is bild as follow:
# Filter name
# nwave: number of wavelenght
# center wavelenght [micron]
# and for l=1 to nwave, lambda [micron] | transmission [without unit]
START
Megaprime_r
087
0.62819
0.53800   0.0042600
0.54000   0.0059100
0.54200   0.0083000
0.54400   0.0119300
0.54600   0.0174300
0.54800   0.0257000
0.55000   0.0379000
0.55200   0.0554000
0.55400   0.0798600
0.55600   0.1127900
0.55800   0.1555300
0.56000   0.2089200
0.56200   0.2729900
0.56400   0.3473500
0.56600   0.4293400
0.56800   0.5148200
0.57000   0.5974000
0.57200   0.6694500
0.57400   0.7254800
0.57600   0.7614600
0.57800   0.7780600
0.58000   0.7792700
0.58200   0.7712200
0.58400   0.7612500
0.58600   0.7542600
0.58800   0.7533900
0.59000   0.7578900
0.59200   0.7655900
0.59400   0.7740800
0.59600   0.7816000
0.59800   0.7883000
0.60000   0.7956500
0.60200   0.8051800
0.60400   0.8178600
0.60600   0.8336300
0.60800   0.8511000
0.61000   0.8688200
0.61200   0.8848700
0.61400   0.8980100
0.61600   0.9079900
0.61800   0.9156300
0.62000   0.9221800
0.62200   0.9288900
0.62400   0.9363100
0.62600   0.9437900
0.62800   0.9506400
0.63000   0.9561000
0.63200   0.9600800
0.63400   0.9622300
0.63600   0.9629500
0.63800   0.9621100
0.64000   0.9593000
0.64200   0.9551800
0.64400   0.9498300
0.64600   0.9441100
0.64800   0.9382800
0.65000   0.9317900
0.65200   0.9236900
0.65400   0.9120000
0.65600   0.8956000
0.65800   0.8740100
0.66000   0.8468800
0.66200   0.8154600
0.66400   0.7815700
0.66600   0.7480200
0.66800   0.7185500
0.67000   0.6966400
0.67200   0.6851500
0.67400   0.6856200
0.67600   0.6990200
0.67800   0.7235700
0.68000   0.7511900
0.68200   0.7664500
0.68400   0.7482800
0.68600   0.6806600
0.68800   0.5649400
0.69000   0.4207600
0.69200   0.2791000
0.69400   0.1657400
0.69600   0.0902300
0.69800   0.0477900
0.70000   0.0264100
0.70200   0.0156900
0.70400   0.0099000
0.70600   0.0065300
0.70800   0.0044600
0.71000   0.0031400
