# New G.A.S. format
# filter of 2MASS_Ks
# download from  "Filter Profile Service" (http://svo2.cab.inta-csic.es/theory/fps)
# After the "START" signal, the file is bild as follow:
# Filter name
# nwave: number of wavelenght
# center wavelenght [micron]
# and for l=1 to nwave, lambda [micron] | transmission [without unit]
START
2MASS_Ks
076
2.16340
1.90000   0.0000000
1.91500   0.0000000
1.92700   0.0000000
1.93400   0.0002000
1.93900   0.0005000
1.94800   0.0054000
1.95700   0.0119000
1.96200   0.0197000
1.96900   0.0422000
1.97600   0.0873000
1.98100   0.1528000
1.98900   0.2482000
1.99000   0.1902000
1.99800   0.2339000
2.00800   0.2946000
2.01400   0.3982000
2.01900   0.3366000
2.02800   0.6207000
2.03700   0.7650000
2.04500   0.7464000
2.06100   0.6251000
2.07200   0.7255000
2.07500   0.6895000
2.08200   0.7879000
2.08900   0.8181000
2.09900   0.8228000
2.10600   0.8633000
2.11300   0.8778000
2.12000   0.8549000
2.12400   0.8953000
2.13800   0.9189000
2.14500   0.9268000
2.15500   0.9267000
2.16900   0.9009000
2.17600   0.9228000
2.18500   0.8428000
2.19700   0.9459000
2.20800   0.9804000
2.21300   0.9879000
2.21800   0.9848000
2.23200   0.9647000
2.23700   0.9816000
2.24800   0.9834000
2.25600   0.9613000
2.26000   0.9792000
2.26300   1.0000000
2.26500   0.9632000
2.27000   0.9812000
2.27200   0.9681000
2.27600   0.9109000
2.27700   0.9821000
2.28100   0.8896000
2.28400   0.8918000
2.28600   0.9424000
2.29100   0.8404000
2.29300   0.8042000
2.29500   0.7077000
2.29700   0.6576000
2.29900   0.5607000
2.30600   0.4437000
2.31100   0.3482000
2.31600   0.2302000
2.32000   0.1626000
2.32500   0.1360000
2.32800   0.0921000
2.33500   0.0624000
2.33900   0.0431000
2.34400   0.0340000
2.34600   0.0310000
2.35200   0.0118000
2.36100   0.0068000
2.36300   0.0007000
2.37000   0.0030000
2.37500   0.0021000
2.38400   0.0004000
2.39900   0.0000000
