# Rijcke et al cooling efficiency
# 1) log Temp [K]
# 2) log Lambda [Fe/H] = -4.0 [erg/s.cm^3]
# 3) log Lambda [Fe/H] = -2.0 [erg/s.cm^3]
# 4) log Lambda [Fe/H] = -1.0 [erg/s.cm^3]
# 5) log Lambda [Fe/H] = -0.5 [erg/s.cm^3]
# 6) log Lambda [Fe/H] = +0.0 [erg/s.cm^3]
# 7) log Lambda [Fe/H] = +0.5 [erg/s.cm^3]
# 
   1.000000e+00  -2.687295e+01  -2.682673e+01  -2.682496e+01  -2.686697e+01  -2.687262e+01  -2.676310e+01
   1.016032e+00  -2.685650e+01  -2.681052e+01  -2.680568e+01  -2.684176e+01  -2.683623e+01  -2.671740e+01
   1.032064e+00  -2.684004e+01  -2.679431e+01  -2.678639e+01  -2.681655e+01  -2.679984e+01  -2.667169e+01
   1.048096e+00  -2.682359e+01  -2.677810e+01  -2.676711e+01  -2.679134e+01  -2.676344e+01  -2.662599e+01
   1.064128e+00  -2.680714e+01  -2.676189e+01  -2.674782e+01  -2.676613e+01  -2.672705e+01  -2.657608e+01
   1.080160e+00  -2.679068e+01  -2.674568e+01  -2.672854e+01  -2.674092e+01  -2.669079e+01  -2.651991e+01
   1.096192e+00  -2.677423e+01  -2.672946e+01  -2.670925e+01  -2.671907e+01  -2.665550e+01  -2.647570e+01
   1.112224e+00  -2.675778e+01  -2.671325e+01  -2.668997e+01  -2.669744e+01  -2.662022e+01  -2.640882e+01
   1.128257e+00  -2.674133e+01  -2.669704e+01  -2.667069e+01  -2.667581e+01  -2.657221e+01  -2.632321e+01
   1.144289e+00  -2.672487e+01  -2.668083e+01  -2.665395e+01  -2.665017e+01  -2.652129e+01  -2.626754e+01
   1.160321e+00  -2.670842e+01  -2.666462e+01  -2.663836e+01  -2.662403e+01  -2.646934e+01  -2.621284e+01
   1.176353e+00  -2.669197e+01  -2.664841e+01  -2.662277e+01  -2.659560e+01  -2.641720e+01  -2.612569e+01
   1.192385e+00  -2.667551e+01  -2.663220e+01  -2.660719e+01  -2.655903e+01  -2.636474e+01  -2.606254e+01
   1.208417e+00  -2.665906e+01  -2.661599e+01  -2.658338e+01  -2.652434e+01  -2.631606e+01  -2.597037e+01
   1.224449e+00  -2.664261e+01  -2.659978e+01  -2.655647e+01  -2.649384e+01  -2.627620e+01  -2.590758e+01
   1.240481e+00  -2.662615e+01  -2.658281e+01  -2.652955e+01  -2.646311e+01  -2.623634e+01  -2.586909e+01
   1.256513e+00  -2.660970e+01  -2.656512e+01  -2.650264e+01  -2.642142e+01  -2.618264e+01  -2.579076e+01
   1.272545e+00  -2.659325e+01  -2.654744e+01  -2.647572e+01  -2.637973e+01  -2.612071e+01  -2.572393e+01
   1.288577e+00  -2.657690e+01  -2.652975e+01  -2.644880e+01  -2.633757e+01  -2.605913e+01  -2.566345e+01
   1.304609e+00  -2.656060e+01  -2.651207e+01  -2.642189e+01  -2.629524e+01  -2.599758e+01  -2.559668e+01
   1.320641e+00  -2.654430e+01  -2.649438e+01  -2.639494e+01  -2.624622e+01  -2.592556e+01  -2.554340e+01
   1.336673e+00  -2.652800e+01  -2.647670e+01  -2.636793e+01  -2.620102e+01  -2.586665e+01  -2.548454e+01
   1.352705e+00  -2.651169e+01  -2.645901e+01  -2.634092e+01  -2.616844e+01  -2.582268e+01  -2.542319e+01
   1.368737e+00  -2.649539e+01  -2.644133e+01  -2.631391e+01  -2.613586e+01  -2.577872e+01  -2.538294e+01
   1.384770e+00  -2.647909e+01  -2.642378e+01  -2.628691e+01  -2.609220e+01  -2.572891e+01  -2.533808e+01
   1.400802e+00  -2.646279e+01  -2.640646e+01  -2.625990e+01  -2.604600e+01  -2.567711e+01  -2.527490e+01
   1.416834e+00  -2.644649e+01  -2.638915e+01  -2.623289e+01  -2.600295e+01  -2.561945e+01  -2.521371e+01
   1.432866e+00  -2.643019e+01  -2.637184e+01  -2.620588e+01  -2.596229e+01  -2.556807e+01  -2.515707e+01
   1.448898e+00  -2.641388e+01  -2.635452e+01  -2.617887e+01  -2.593066e+01  -2.551929e+01  -2.510420e+01
   1.464930e+00  -2.639758e+01  -2.633721e+01  -2.615170e+01  -2.589902e+01  -2.548903e+01  -2.505467e+01
   1.480962e+00  -2.638128e+01  -2.631990e+01  -2.612453e+01  -2.586115e+01  -2.545878e+01  -2.500335e+01
   1.496994e+00  -2.636506e+01  -2.630258e+01  -2.609736e+01  -2.581743e+01  -2.542626e+01  -2.495507e+01
   1.513026e+00  -2.634886e+01  -2.628527e+01  -2.607019e+01  -2.577855e+01  -2.538953e+01  -2.491311e+01
   1.529058e+00  -2.633265e+01  -2.626796e+01  -2.604302e+01  -2.574644e+01  -2.535276e+01  -2.487242e+01
   1.545090e+00  -2.631644e+01  -2.625086e+01  -2.601584e+01  -2.571378e+01  -2.531586e+01  -2.483609e+01
   1.561122e+00  -2.630023e+01  -2.623376e+01  -2.598901e+01  -2.567725e+01  -2.527896e+01  -2.480272e+01
   1.577154e+00  -2.628403e+01  -2.621667e+01  -2.596294e+01  -2.564337e+01  -2.524515e+01  -2.477223e+01
   1.593186e+00  -2.626782e+01  -2.619957e+01  -2.593686e+01  -2.561897e+01  -2.521148e+01  -2.473952e+01
   1.609218e+00  -2.625161e+01  -2.618247e+01  -2.591079e+01  -2.559457e+01  -2.518010e+01  -2.469889e+01
   1.625251e+00  -2.623541e+01  -2.616537e+01  -2.588471e+01  -2.556742e+01  -2.514985e+01  -2.466283e+01
   1.641283e+00  -2.621920e+01  -2.614827e+01  -2.585864e+01  -2.553533e+01  -2.511959e+01  -2.463133e+01
   1.657315e+00  -2.620299e+01  -2.613117e+01  -2.583257e+01  -2.550736e+01  -2.508749e+01  -2.460024e+01
   1.673347e+00  -2.618679e+01  -2.611320e+01  -2.580649e+01  -2.548170e+01  -2.505538e+01  -2.456975e+01
   1.689379e+00  -2.617058e+01  -2.609474e+01  -2.578087e+01  -2.545604e+01  -2.502557e+01  -2.453954e+01
   1.705411e+00  -2.615437e+01  -2.607627e+01  -2.576082e+01  -2.543137e+01  -2.499669e+01  -2.451156e+01
   1.721443e+00  -2.613816e+01  -2.605781e+01  -2.574077e+01  -2.540697e+01  -2.497026e+01  -2.448371e+01
   1.737475e+00  -2.612195e+01  -2.603935e+01  -2.572071e+01  -2.538257e+01  -2.494719e+01  -2.446444e+01
   1.753507e+00  -2.610573e+01  -2.602089e+01  -2.570066e+01  -2.535911e+01  -2.492412e+01  -2.444516e+01
   1.769539e+00  -2.608952e+01  -2.600242e+01  -2.568060e+01  -2.533574e+01  -2.490241e+01  -2.441992e+01
   1.785571e+00  -2.607331e+01  -2.598396e+01  -2.566055e+01  -2.531308e+01  -2.488177e+01  -2.439243e+01
   1.801603e+00  -2.605709e+01  -2.596550e+01  -2.564050e+01  -2.529255e+01  -2.486112e+01  -2.436533e+01
   1.817635e+00  -2.604088e+01  -2.594870e+01  -2.562044e+01  -2.527203e+01  -2.483457e+01  -2.434477e+01
   1.833667e+00  -2.602466e+01  -2.593268e+01  -2.560039e+01  -2.525146e+01  -2.480731e+01  -2.432421e+01
   1.849699e+00  -2.600845e+01  -2.591666e+01  -2.558033e+01  -2.523081e+01  -2.478333e+01  -2.430288e+01
   1.865731e+00  -2.599224e+01  -2.590065e+01  -2.556028e+01  -2.521017e+01  -2.476152e+01  -2.427838e+01
   1.881764e+00  -2.597602e+01  -2.588463e+01  -2.554080e+01  -2.519052e+01  -2.473970e+01  -2.425426e+01
   1.897796e+00  -2.595981e+01  -2.586861e+01  -2.552193e+01  -2.517125e+01  -2.471977e+01  -2.423365e+01
   1.913828e+00  -2.594360e+01  -2.585260e+01  -2.550307e+01  -2.515198e+01  -2.470050e+01  -2.421305e+01
   1.929860e+00  -2.592738e+01  -2.583658e+01  -2.548420e+01  -2.512723e+01  -2.468122e+01  -2.419467e+01
   1.945892e+00  -2.591108e+01  -2.582056e+01  -2.546533e+01  -2.510158e+01  -2.466029e+01  -2.417925e+01
   1.961924e+00  -2.589446e+01  -2.580455e+01  -2.544646e+01  -2.508108e+01  -2.463862e+01  -2.416382e+01
   1.977956e+00  -2.587785e+01  -2.578780e+01  -2.542759e+01  -2.506444e+01  -2.461695e+01  -2.414840e+01
   1.993988e+00  -2.586123e+01  -2.577052e+01  -2.540872e+01  -2.504779e+01  -2.459766e+01  -2.412972e+01
   2.010020e+00  -2.584461e+01  -2.575324e+01  -2.538985e+01  -2.503115e+01  -2.457968e+01  -2.410903e+01
   2.026052e+00  -2.582799e+01  -2.573596e+01  -2.537098e+01  -2.501384e+01  -2.456171e+01  -2.408834e+01
   2.042084e+00  -2.581138e+01  -2.571868e+01  -2.535212e+01  -2.499543e+01  -2.453773e+01  -2.406769e+01
   2.058116e+00  -2.579476e+01  -2.570140e+01  -2.533325e+01  -2.497703e+01  -2.451208e+01  -2.404705e+01
   2.074148e+00  -2.577814e+01  -2.568412e+01  -2.531438e+01  -2.495862e+01  -2.449022e+01  -2.402555e+01
   2.090180e+00  -2.576153e+01  -2.566683e+01  -2.529551e+01  -2.494022e+01  -2.447225e+01  -2.400309e+01
   2.106212e+00  -2.574512e+01  -2.564955e+01  -2.527724e+01  -2.491653e+01  -2.445427e+01  -2.398063e+01
   2.122244e+00  -2.572919e+01  -2.563247e+01  -2.525969e+01  -2.489282e+01  -2.443630e+01  -2.395817e+01
   2.138277e+00  -2.571326e+01  -2.561565e+01  -2.524214e+01  -2.487250e+01  -2.441832e+01  -2.393570e+01
   2.154309e+00  -2.569733e+01  -2.559883e+01  -2.522459e+01  -2.485539e+01  -2.440035e+01  -2.391324e+01
   2.170341e+00  -2.568140e+01  -2.558200e+01  -2.520704e+01  -2.483829e+01  -2.438254e+01  -2.389078e+01
   2.186373e+00  -2.566547e+01  -2.556518e+01  -2.518948e+01  -2.482120e+01  -2.436479e+01  -2.387384e+01
   2.202405e+00  -2.564954e+01  -2.554836e+01  -2.517193e+01  -2.480435e+01  -2.434659e+01  -2.386053e+01
   2.218437e+00  -2.563361e+01  -2.553154e+01  -2.515438e+01  -2.478750e+01  -2.432734e+01  -2.384645e+01
   2.234469e+00  -2.561768e+01  -2.551472e+01  -2.513683e+01  -2.477060e+01  -2.430808e+01  -2.382717e+01
   2.250501e+00  -2.560175e+01  -2.549789e+01  -2.511928e+01  -2.475257e+01  -2.428881e+01  -2.380790e+01
   2.266533e+00  -2.558582e+01  -2.548210e+01  -2.510172e+01  -2.473454e+01  -2.426989e+01  -2.378730e+01
   2.282565e+00  -2.557053e+01  -2.546747e+01  -2.508417e+01  -2.471651e+01  -2.425415e+01  -2.376645e+01
   2.298597e+00  -2.555541e+01  -2.545283e+01  -2.506662e+01  -2.469616e+01  -2.423841e+01  -2.374745e+01
   2.314629e+00  -2.554030e+01  -2.543819e+01  -2.504907e+01  -2.467576e+01  -2.422053e+01  -2.372995e+01
   2.330661e+00  -2.552518e+01  -2.542356e+01  -2.503222e+01  -2.465537e+01  -2.420266e+01  -2.371367e+01
   2.346693e+00  -2.551007e+01  -2.540892e+01  -2.501546e+01  -2.463808e+01  -2.418359e+01  -2.369886e+01
   2.362725e+00  -2.549495e+01  -2.539429e+01  -2.499870e+01  -2.462187e+01  -2.416214e+01  -2.368405e+01
   2.378758e+00  -2.547983e+01  -2.537965e+01  -2.498195e+01  -2.460567e+01  -2.414463e+01  -2.366958e+01
   2.394790e+00  -2.546472e+01  -2.536501e+01  -2.496519e+01  -2.458978e+01  -2.412953e+01  -2.365512e+01
   2.410822e+00  -2.544960e+01  -2.535038e+01  -2.494843e+01  -2.457630e+01  -2.411443e+01  -2.364066e+01
   2.426854e+00  -2.543390e+01  -2.533574e+01  -2.493167e+01  -2.456282e+01  -2.410109e+01  -2.362587e+01
   2.442886e+00  -2.541787e+01  -2.532128e+01  -2.491492e+01  -2.454933e+01  -2.408784e+01  -2.361106e+01
   2.458918e+00  -2.540184e+01  -2.530707e+01  -2.489816e+01  -2.453555e+01  -2.407459e+01  -2.359612e+01
   2.474950e+00  -2.538581e+01  -2.529286e+01  -2.488140e+01  -2.452110e+01  -2.406270e+01  -2.358102e+01
   2.490982e+00  -2.536979e+01  -2.527865e+01  -2.486464e+01  -2.450664e+01  -2.405095e+01  -2.356592e+01
   2.507014e+00  -2.535376e+01  -2.526444e+01  -2.484885e+01  -2.449219e+01  -2.403920e+01  -2.355104e+01
   2.523046e+00  -2.533773e+01  -2.525023e+01  -2.483533e+01  -2.447796e+01  -2.402617e+01  -2.353623e+01
   2.539078e+00  -2.532170e+01  -2.523601e+01  -2.482180e+01  -2.446396e+01  -2.401170e+01  -2.352223e+01
   2.555110e+00  -2.530567e+01  -2.522180e+01  -2.480828e+01  -2.444996e+01  -2.399777e+01  -2.351008e+01
   2.571142e+00  -2.528964e+01  -2.520759e+01  -2.479475e+01  -2.443596e+01  -2.398622e+01  -2.349793e+01
   2.587174e+00  -2.527361e+01  -2.519338e+01  -2.478123e+01  -2.442314e+01  -2.397468e+01  -2.348736e+01
   2.603206e+00  -2.525758e+01  -2.517917e+01  -2.476770e+01  -2.441303e+01  -2.396256e+01  -2.347935e+01
   2.619238e+00  -2.524259e+01  -2.516504e+01  -2.475418e+01  -2.440292e+01  -2.394924e+01  -2.347135e+01
   2.635271e+00  -2.522772e+01  -2.515097e+01  -2.474065e+01  -2.439281e+01  -2.393592e+01  -2.346280e+01
   2.651303e+00  -2.521285e+01  -2.513690e+01  -2.472713e+01  -2.438218e+01  -2.392627e+01  -2.345316e+01
   2.667335e+00  -2.519799e+01  -2.512283e+01  -2.471360e+01  -2.437129e+01  -2.391728e+01  -2.344352e+01
   2.683367e+00  -2.518312e+01  -2.510877e+01  -2.470008e+01  -2.436041e+01  -2.390829e+01  -2.343387e+01
   2.699399e+00  -2.516825e+01  -2.509470e+01  -2.468857e+01  -2.434953e+01  -2.389805e+01  -2.342277e+01
   2.715431e+00  -2.515338e+01  -2.508063e+01  -2.467868e+01  -2.433865e+01  -2.388780e+01  -2.341124e+01
   2.731463e+00  -2.513851e+01  -2.506657e+01  -2.466878e+01  -2.432776e+01  -2.387821e+01  -2.340055e+01
   2.747495e+00  -2.512364e+01  -2.505250e+01  -2.465888e+01  -2.431688e+01  -2.387296e+01  -2.339263e+01
   2.763527e+00  -2.510820e+01  -2.503838e+01  -2.464898e+01  -2.430600e+01  -2.386749e+01  -2.338471e+01
   2.779559e+00  -2.509237e+01  -2.502418e+01  -2.463908e+01  -2.429511e+01  -2.385616e+01  -2.337679e+01
   2.795591e+00  -2.507654e+01  -2.500999e+01  -2.462918e+01  -2.428730e+01  -2.384483e+01  -2.336887e+01
   2.811623e+00  -2.506070e+01  -2.499579e+01  -2.461928e+01  -2.427977e+01  -2.383351e+01  -2.336318e+01
   2.827655e+00  -2.504487e+01  -2.498160e+01  -2.460938e+01  -2.427224e+01  -2.382835e+01  -2.335770e+01
   2.843687e+00  -2.502904e+01  -2.496740e+01  -2.459948e+01  -2.426471e+01  -2.382478e+01  -2.335222e+01
   2.859719e+00  -2.501320e+01  -2.495321e+01  -2.458958e+01  -2.425692e+01  -2.382120e+01  -2.334467e+01
   2.875752e+00  -2.499737e+01  -2.493901e+01  -2.457982e+01  -2.424889e+01  -2.381548e+01  -2.333342e+01
   2.891784e+00  -2.498166e+01  -2.492482e+01  -2.457041e+01  -2.424087e+01  -2.380904e+01  -2.332217e+01
   2.907816e+00  -2.496802e+01  -2.491062e+01  -2.456100e+01  -2.423284e+01  -2.380260e+01  -2.331292e+01
   2.923848e+00  -2.495439e+01  -2.489683e+01  -2.455159e+01  -2.422482e+01  -2.379270e+01  -2.330812e+01
   2.939880e+00  -2.494076e+01  -2.488398e+01  -2.454217e+01  -2.421778e+01  -2.378236e+01  -2.330332e+01
   2.955912e+00  -2.492713e+01  -2.487112e+01  -2.453276e+01  -2.421079e+01  -2.377351e+01  -2.329852e+01
   2.971944e+00  -2.491350e+01  -2.485827e+01  -2.452335e+01  -2.420380e+01  -2.376677e+01  -2.329333e+01
   2.987976e+00  -2.489986e+01  -2.484542e+01  -2.451394e+01  -2.419681e+01  -2.376002e+01  -2.328693e+01
   3.004008e+00  -2.488623e+01  -2.483256e+01  -2.450453e+01  -2.418973e+01  -2.375328e+01  -2.328052e+01
   3.020040e+00  -2.487260e+01  -2.481971e+01  -2.449512e+01  -2.418261e+01  -2.374673e+01  -2.327412e+01
   3.036072e+00  -2.485897e+01  -2.480685e+01  -2.448571e+01  -2.417550e+01  -2.374032e+01  -2.326856e+01
   3.052104e+00  -2.484534e+01  -2.479400e+01  -2.447630e+01  -2.416838e+01  -2.373390e+01  -2.326411e+01
   3.068136e+00  -2.483170e+01  -2.478115e+01  -2.446703e+01  -2.416127e+01  -2.372843e+01  -2.325966e+01
   3.084168e+00  -2.481862e+01  -2.476830e+01  -2.445953e+01  -2.415423e+01  -2.372743e+01  -2.325507e+01
   3.100200e+00  -2.480588e+01  -2.475596e+01  -2.445204e+01  -2.414724e+01  -2.372644e+01  -2.324959e+01
   3.116232e+00  -2.479313e+01  -2.474363e+01  -2.444454e+01  -2.414025e+01  -2.372544e+01  -2.324411e+01
   3.132265e+00  -2.478038e+01  -2.473130e+01  -2.443704e+01  -2.413326e+01  -2.371967e+01  -2.323862e+01
   3.148297e+00  -2.476764e+01  -2.471896e+01  -2.442954e+01  -2.412692e+01  -2.371006e+01  -2.323423e+01
   3.164329e+00  -2.475489e+01  -2.470663e+01  -2.442204e+01  -2.412143e+01  -2.370045e+01  -2.323064e+01
   3.180361e+00  -2.474215e+01  -2.469430e+01  -2.441455e+01  -2.411594e+01  -2.369456e+01  -2.322704e+01
   3.196393e+00  -2.472940e+01  -2.468196e+01  -2.440705e+01  -2.411044e+01  -2.369231e+01  -2.322345e+01
   3.212425e+00  -2.471720e+01  -2.466963e+01  -2.439955e+01  -2.410495e+01  -2.369005e+01  -2.321867e+01
   3.228457e+00  -2.470546e+01  -2.465729e+01  -2.439205e+01  -2.409919e+01  -2.368669e+01  -2.321277e+01
   3.244489e+00  -2.469372e+01  -2.464496e+01  -2.438455e+01  -2.409094e+01  -2.368031e+01  -2.320686e+01
   3.260521e+00  -2.468198e+01  -2.463263e+01  -2.437705e+01  -2.408269e+01  -2.367392e+01  -2.320166e+01
   3.276553e+00  -2.467025e+01  -2.462093e+01  -2.436956e+01  -2.407444e+01  -2.366975e+01  -2.319909e+01
   3.292585e+00  -2.465851e+01  -2.461026e+01  -2.436174e+01  -2.406637e+01  -2.366563e+01  -2.319651e+01
   3.308617e+00  -2.464677e+01  -2.459959e+01  -2.435332e+01  -2.405996e+01  -2.366128e+01  -2.319394e+01
   3.324649e+00  -2.463503e+01  -2.458891e+01  -2.434491e+01  -2.405354e+01  -2.365646e+01  -2.319035e+01
   3.340681e+00  -2.462329e+01  -2.457824e+01  -2.433649e+01  -2.404713e+01  -2.365164e+01  -2.318523e+01
   3.356713e+00  -2.461156e+01  -2.456757e+01  -2.432808e+01  -2.404071e+01  -2.364649e+01  -2.318011e+01
   3.372745e+00  -2.459980e+01  -2.455690e+01  -2.431967e+01  -2.403430e+01  -2.364044e+01  -2.317500e+01
   3.388778e+00  -2.458705e+01  -2.454623e+01  -2.431125e+01  -2.402740e+01  -2.363439e+01  -2.317048e+01
   3.404810e+00  -2.457430e+01  -2.453556e+01  -2.430284e+01  -2.402047e+01  -2.362834e+01  -2.316637e+01
   3.420842e+00  -2.456155e+01  -2.452435e+01  -2.429442e+01  -2.401354e+01  -2.362327e+01  -2.316226e+01
   3.436874e+00  -2.454881e+01  -2.451240e+01  -2.428601e+01  -2.400661e+01  -2.361873e+01  -2.315791e+01
   3.452906e+00  -2.453606e+01  -2.450046e+01  -2.427760e+01  -2.399972e+01  -2.361419e+01  -2.314670e+01
   3.468938e+00  -2.452331e+01  -2.448852e+01  -2.426918e+01  -2.399300e+01  -2.360873e+01  -2.313548e+01
   3.484970e+00  -2.451056e+01  -2.447658e+01  -2.426077e+01  -2.398629e+01  -2.360194e+01  -2.312426e+01
   3.501002e+00  -2.449781e+01  -2.446464e+01  -2.425235e+01  -2.397957e+01  -2.359515e+01  -2.312003e+01
   3.517034e+00  -2.448511e+01  -2.445269e+01  -2.424391e+01  -2.397233e+01  -2.358750e+01  -2.311589e+01
   3.533066e+00  -2.447526e+01  -2.444075e+01  -2.423400e+01  -2.396423e+01  -2.357568e+01  -2.311176e+01
   3.549098e+00  -2.446541e+01  -2.442977e+01  -2.422409e+01  -2.395614e+01  -2.356385e+01  -2.310415e+01
   3.565130e+00  -2.445556e+01  -2.442013e+01  -2.421418e+01  -2.394805e+01  -2.355605e+01  -2.309191e+01
   3.581162e+00  -2.444571e+01  -2.441049e+01  -2.420426e+01  -2.393879e+01  -2.355005e+01  -2.307968e+01
   3.597194e+00  -2.443586e+01  -2.440085e+01  -2.419435e+01  -2.392917e+01  -2.354404e+01  -2.307114e+01
   3.613226e+00  -2.442601e+01  -2.439121e+01  -2.418399e+01  -2.391955e+01  -2.353523e+01  -2.306473e+01
   3.629259e+00  -2.441616e+01  -2.438157e+01  -2.417341e+01  -2.390993e+01  -2.352485e+01  -2.305832e+01
   3.645291e+00  -2.440689e+01  -2.437187e+01  -2.416283e+01  -2.390031e+01  -2.351450e+01  -2.305191e+01
   3.661323e+00  -2.439772e+01  -2.436203e+01  -2.415225e+01  -2.389067e+01  -2.350425e+01  -2.304507e+01
   3.677355e+00  -2.438856e+01  -2.435219e+01  -2.414168e+01  -2.388103e+01  -2.349400e+01  -2.303157e+01
   3.693387e+00  -2.437939e+01  -2.434235e+01  -2.413172e+01  -2.387140e+01  -2.348394e+01  -2.301807e+01
   3.709419e+00  -2.437023e+01  -2.433251e+01  -2.412178e+01  -2.386176e+01  -2.347432e+01  -2.300911e+01
   3.725451e+00  -2.436106e+01  -2.432267e+01  -2.411185e+01  -2.385158e+01  -2.346462e+01  -2.300432e+01
   3.741483e+00  -2.435064e+01  -2.431283e+01  -2.410192e+01  -2.384139e+01  -2.345126e+01  -2.299953e+01
   3.757515e+00  -2.433980e+01  -2.430299e+01  -2.409199e+01  -2.383120e+01  -2.343791e+01  -2.298955e+01
   3.773547e+00  -2.432895e+01  -2.429315e+01  -2.408025e+01  -2.381708e+01  -2.342517e+01  -2.297378e+01
   3.789579e+00  -2.431811e+01  -2.428331e+01  -2.406739e+01  -2.380169e+01  -2.341296e+01  -2.295800e+01
   3.805611e+00  -2.430727e+01  -2.427167e+01  -2.405453e+01  -2.378629e+01  -2.340006e+01  -2.293990e+01
   3.821643e+00  -2.429716e+01  -2.425998e+01  -2.404167e+01  -2.377089e+01  -2.338630e+01  -2.292068e+01
   3.837675e+00  -2.428715e+01  -2.424830e+01  -2.402880e+01  -2.375949e+01  -2.337255e+01  -2.290717e+01
   3.853707e+00  -2.427714e+01  -2.423662e+01  -2.401595e+01  -2.374833e+01  -2.335314e+01  -2.289431e+01
   3.869739e+00  -2.426714e+01  -2.422494e+01  -2.400311e+01  -2.373717e+01  -2.333211e+01  -2.288146e+01
   3.885772e+00  -2.425073e+01  -2.421326e+01  -2.399028e+01  -2.372177e+01  -2.331231e+01  -2.285912e+01
   3.901804e+00  -2.423225e+01  -2.420158e+01  -2.397744e+01  -2.369741e+01  -2.329307e+01  -2.283508e+01
   3.917836e+00  -2.421378e+01  -2.418228e+01  -2.395165e+01  -2.367304e+01  -2.327211e+01  -2.281268e+01
   3.933868e+00  -2.419461e+01  -2.416025e+01  -2.392484e+01  -2.364936e+01  -2.325108e+01  -2.279049e+01
   3.949900e+00  -2.416887e+01  -2.413550e+01  -2.389480e+01  -2.362648e+01  -2.322419e+01  -2.276359e+01
   3.965932e+00  -2.412742e+01  -2.407336e+01  -2.385031e+01  -2.360360e+01  -2.319515e+01  -2.273883e+01
   3.981964e+00  -2.404288e+01  -2.399623e+01  -2.380572e+01  -2.357884e+01  -2.315906e+01  -2.271474e+01
   3.997996e+00  -2.395833e+01  -2.389056e+01  -2.376074e+01  -2.355135e+01  -2.312815e+01  -2.268015e+01
   4.014028e+00  -2.387379e+01  -2.373260e+01  -2.370208e+01  -2.352386e+01  -2.310036e+01  -2.264292e+01
   4.030060e+00  -2.378924e+01  -2.358707e+01  -2.362010e+01  -2.347760e+01  -2.305284e+01  -2.260720e+01
   4.046092e+00  -2.370470e+01  -2.346967e+01  -2.353813e+01  -2.341964e+01  -2.299866e+01  -2.256960e+01
   4.062124e+00  -2.362015e+01  -2.339465e+01  -2.345615e+01  -2.334277e+01  -2.294099e+01  -2.253455e+01
   4.078156e+00  -2.353151e+01  -2.331442e+01  -2.337397e+01  -2.326973e+01  -2.288832e+01  -2.250462e+01
   4.094188e+00  -2.340614e+01  -2.322766e+01  -2.329170e+01  -2.320568e+01  -2.284130e+01  -2.247100e+01
   4.110220e+00  -2.329023e+01  -2.315857e+01  -2.320943e+01  -2.314158e+01  -2.278029e+01  -2.240986e+01
   4.126253e+00  -2.319981e+01  -2.309082e+01  -2.312716e+01  -2.307108e+01  -2.271465e+01  -2.236130e+01
   4.142285e+00  -2.310940e+01  -2.300513e+01  -2.304490e+01  -2.299998e+01  -2.264900e+01  -2.230742e+01
   4.158317e+00  -2.298396e+01  -2.291706e+01  -2.294871e+01  -2.292739e+01  -2.258336e+01  -2.225669e+01
   4.174349e+00  -2.287344e+01  -2.282337e+01  -2.283997e+01  -2.280401e+01  -2.251772e+01  -2.220517e+01
   4.190381e+00  -2.274428e+01  -2.264822e+01  -2.259943e+01  -2.268263e+01  -2.245208e+01  -2.215569e+01
   4.206413e+00  -2.255103e+01  -2.252692e+01  -2.248625e+01  -2.252776e+01  -2.238644e+01  -2.210370e+01
   4.222445e+00  -2.245191e+01  -2.242660e+01  -2.244042e+01  -2.241958e+01  -2.232080e+01  -2.204476e+01
   4.238477e+00  -2.237363e+01  -2.236490e+01  -2.234907e+01  -2.234309e+01  -2.225516e+01  -2.199728e+01
   4.254509e+00  -2.233338e+01  -2.232245e+01  -2.229131e+01  -2.229024e+01  -2.218952e+01  -2.194830e+01
   4.270541e+00  -2.230669e+01  -2.227056e+01  -2.223669e+01  -2.224895e+01  -2.213874e+01  -2.191699e+01
   4.286573e+00  -2.227110e+01  -2.220476e+01  -2.219195e+01  -2.221471e+01  -2.209988e+01  -2.188706e+01
   4.302605e+00  -2.223445e+01  -2.217584e+01  -2.216394e+01  -2.218051e+01  -2.205658e+01  -2.186509e+01
   4.318637e+00  -2.222270e+01  -2.216253e+01  -2.214765e+01  -2.214638e+01  -2.200374e+01  -2.184500e+01
   4.334669e+00  -2.221094e+01  -2.215498e+01  -2.213879e+01  -2.213959e+01  -2.198023e+01  -2.182813e+01
   4.350701e+00  -2.220128e+01  -2.216622e+01  -2.215346e+01  -2.213280e+01  -2.196095e+01  -2.181289e+01
   4.366733e+00  -2.219163e+01  -2.217745e+01  -2.217869e+01  -2.212601e+01  -2.196651e+01  -2.180089e+01
   4.382766e+00  -2.220777e+01  -2.219192e+01  -2.220358e+01  -2.212718e+01  -2.198237e+01  -2.178669e+01
   4.398798e+00  -2.222512e+01  -2.220738e+01  -2.222063e+01  -2.213082e+01  -2.199925e+01  -2.176742e+01
   4.414830e+00  -2.224925e+01  -2.222284e+01  -2.223769e+01  -2.213447e+01  -2.201679e+01  -2.175768e+01
   4.430862e+00  -2.228300e+01  -2.225628e+01  -2.225843e+01  -2.214821e+01  -2.202607e+01  -2.175071e+01
   4.446894e+00  -2.231658e+01  -2.229161e+01  -2.228372e+01  -2.216595e+01  -2.202773e+01  -2.174373e+01
   4.462926e+00  -2.234992e+01  -2.232805e+01  -2.230892e+01  -2.218243e+01  -2.202900e+01  -2.172468e+01
   4.478958e+00  -2.238326e+01  -2.236518e+01  -2.232437e+01  -2.219726e+01  -2.202900e+01  -2.170540e+01
   4.494990e+00  -2.241966e+01  -2.240086e+01  -2.233981e+01  -2.221209e+01  -2.202900e+01  -2.168529e+01
   4.511022e+00  -2.245822e+01  -2.242764e+01  -2.235526e+01  -2.222506e+01  -2.202117e+01  -2.166413e+01
   4.527054e+00  -2.249678e+01  -2.245443e+01  -2.237101e+01  -2.223795e+01  -2.201292e+01  -2.164297e+01
   4.543086e+00  -2.252900e+01  -2.248121e+01  -2.238678e+01  -2.225014e+01  -2.200484e+01  -2.161918e+01
   4.559118e+00  -2.255953e+01  -2.251425e+01  -2.240255e+01  -2.225628e+01  -2.199718e+01  -2.159509e+01
   4.575150e+00  -2.259005e+01  -2.254984e+01  -2.242044e+01  -2.226241e+01  -2.198605e+01  -2.156519e+01
   4.591182e+00  -2.261585e+01  -2.258245e+01  -2.243972e+01  -2.226855e+01  -2.196920e+01  -2.153310e+01
   4.607214e+00  -2.263999e+01  -2.260513e+01  -2.245664e+01  -2.227342e+01  -2.195031e+01  -2.150014e+01
   4.623246e+00  -2.266412e+01  -2.262782e+01  -2.246844e+01  -2.227695e+01  -2.193106e+01  -2.147654e+01
   4.639279e+00  -2.268300e+01  -2.265050e+01  -2.248025e+01  -2.227255e+01  -2.190572e+01  -2.145512e+01
   4.655311e+00  -2.269953e+01  -2.265976e+01  -2.248347e+01  -2.225583e+01  -2.188094e+01  -2.142815e+01
   4.671343e+00  -2.270978e+01  -2.266890e+01  -2.248026e+01  -2.223911e+01  -2.185924e+01  -2.139611e+01
   4.687375e+00  -2.271942e+01  -2.267804e+01  -2.247705e+01  -2.221948e+01  -2.182912e+01  -2.136857e+01
   4.703407e+00  -2.271120e+01  -2.267616e+01  -2.245931e+01  -2.219729e+01  -2.179687e+01  -2.133950e+01
   4.719439e+00  -2.270048e+01  -2.265552e+01  -2.243852e+01  -2.217469e+01  -2.177123e+01  -2.130483e+01
   4.735471e+00  -2.267433e+01  -2.263487e+01  -2.240780e+01  -2.214475e+01  -2.174190e+01  -2.128475e+01
   4.751503e+00  -2.263749e+01  -2.258584e+01  -2.237526e+01  -2.211354e+01  -2.170822e+01  -2.126109e+01
   4.767535e+00  -2.260064e+01  -2.253316e+01  -2.233366e+01  -2.207982e+01  -2.168127e+01  -2.121489e+01
   4.783567e+00  -2.256116e+01  -2.248720e+01  -2.227877e+01  -2.204597e+01  -2.164987e+01  -2.118927e+01
   4.799599e+00  -2.252099e+01  -2.244056e+01  -2.223078e+01  -2.200944e+01  -2.161219e+01  -2.116614e+01
   4.815631e+00  -2.248082e+01  -2.238619e+01  -2.219219e+01  -2.197294e+01  -2.158578e+01  -2.113766e+01
   4.831663e+00  -2.239146e+01  -2.233181e+01  -2.214983e+01  -2.193654e+01  -2.156094e+01  -2.109920e+01
   4.847695e+00  -2.232990e+01  -2.228535e+01  -2.210314e+01  -2.188045e+01  -2.153740e+01  -2.106946e+01
   4.863727e+00  -2.228491e+01  -2.223897e+01  -2.206278e+01  -2.185147e+01  -2.150138e+01  -2.104633e+01
   4.879760e+00  -2.223141e+01  -2.219186e+01  -2.202992e+01  -2.183220e+01  -2.147341e+01  -2.102343e+01
   4.895792e+00  -2.219770e+01  -2.216063e+01  -2.200874e+01  -2.180973e+01  -2.145131e+01  -2.100902e+01
   4.911824e+00  -2.218021e+01  -2.215739e+01  -2.199615e+01  -2.178646e+01  -2.143733e+01  -2.099461e+01
   4.927856e+00  -2.217250e+01  -2.215519e+01  -2.198530e+01  -2.177072e+01  -2.142148e+01  -2.097298e+01
   4.943888e+00  -2.218864e+01  -2.216573e+01  -2.198530e+01  -2.175498e+01  -2.140009e+01  -2.095129e+01
   4.959920e+00  -2.220792e+01  -2.217627e+01  -2.198741e+01  -2.175175e+01  -2.138724e+01  -2.093812e+01
   4.975952e+00  -2.223104e+01  -2.220417e+01  -2.199763e+01  -2.174936e+01  -2.138173e+01  -2.092531e+01
   4.991984e+00  -2.225675e+01  -2.223247e+01  -2.200786e+01  -2.174696e+01  -2.137621e+01  -2.091894e+01
   5.008016e+00  -2.228246e+01  -2.226107e+01  -2.202463e+01  -2.175872e+01  -2.138114e+01  -2.091572e+01
   5.024048e+00  -2.230816e+01  -2.229192e+01  -2.204550e+01  -2.177222e+01  -2.138585e+01  -2.091251e+01
   5.040080e+00  -2.234019e+01  -2.232277e+01  -2.206426e+01  -2.178195e+01  -2.138106e+01  -2.091132e+01
   5.056112e+00  -2.237396e+01  -2.235312e+01  -2.208243e+01  -2.179162e+01  -2.137930e+01  -2.091136e+01
   5.072144e+00  -2.240772e+01  -2.238206e+01  -2.210081e+01  -2.180085e+01  -2.137930e+01  -2.091139e+01
   5.088176e+00  -2.244149e+01  -2.241100e+01  -2.212009e+01  -2.180988e+01  -2.137930e+01  -2.091140e+01
   5.104208e+00  -2.247697e+01  -2.243995e+01  -2.213937e+01  -2.181892e+01  -2.138204e+01  -2.091140e+01
   5.120240e+00  -2.251312e+01  -2.246988e+01  -2.214701e+01  -2.181946e+01  -2.138557e+01  -2.090973e+01
   5.136273e+00  -2.254927e+01  -2.250001e+01  -2.215343e+01  -2.181846e+01  -2.138195e+01  -2.090398e+01
   5.152305e+00  -2.258542e+01  -2.253015e+01  -2.215986e+01  -2.181747e+01  -2.137499e+01  -2.089823e+01
   5.168337e+00  -2.261688e+01  -2.255182e+01  -2.216484e+01  -2.181576e+01  -2.136690e+01  -2.088554e+01
   5.184369e+00  -2.264582e+01  -2.257109e+01  -2.216542e+01  -2.181164e+01  -2.135802e+01  -2.087054e+01
   5.200401e+00  -2.267477e+01  -2.259035e+01  -2.216599e+01  -2.180751e+01  -2.134821e+01  -2.085656e+01
   5.216433e+00  -2.270372e+01  -2.260962e+01  -2.216657e+01  -2.179850e+01  -2.133070e+01  -2.084375e+01
   5.232465e+00  -2.273208e+01  -2.262685e+01  -2.216715e+01  -2.178566e+01  -2.131328e+01  -2.083082e+01
   5.248497e+00  -2.276004e+01  -2.264264e+01  -2.216730e+01  -2.177282e+01  -2.130274e+01  -2.081732e+01
   5.264529e+00  -2.278800e+01  -2.265843e+01  -2.216589e+01  -2.176129e+01  -2.129220e+01  -2.080382e+01
   5.280561e+00  -2.281595e+01  -2.267421e+01  -2.216448e+01  -2.175031e+01  -2.128379e+01  -2.079280e+01
   5.296593e+00  -2.284391e+01  -2.269006e+01  -2.216307e+01  -2.173946e+01  -2.127558e+01  -2.078320e+01
   5.312625e+00  -2.286945e+01  -2.270601e+01  -2.216180e+01  -2.173260e+01  -2.126741e+01  -2.077390e+01
   5.328657e+00  -2.289261e+01  -2.272195e+01  -2.216180e+01  -2.172574e+01  -2.125936e+01  -2.076750e+01
   5.344689e+00  -2.291577e+01  -2.273790e+01  -2.216180e+01  -2.172191e+01  -2.125131e+01  -2.076110e+01
   5.360721e+00  -2.293892e+01  -2.275384e+01  -2.216180e+01  -2.172330e+01  -2.125307e+01  -2.075500e+01
   5.376754e+00  -2.296208e+01  -2.276976e+01  -2.216354e+01  -2.172468e+01  -2.125630e+01  -2.075500e+01
   5.392786e+00  -2.298210e+01  -2.278568e+01  -2.217673e+01  -2.173414e+01  -2.126278e+01  -2.075521e+01
   5.408818e+00  -2.299781e+01  -2.280161e+01  -2.218991e+01  -2.174704e+01  -2.127096e+01  -2.076969e+01
   5.424850e+00  -2.301353e+01  -2.281753e+01  -2.220623e+01  -2.176457e+01  -2.128062e+01  -2.078418e+01
   5.440882e+00  -2.302924e+01  -2.284024e+01  -2.223275e+01  -2.178215e+01  -2.130248e+01  -2.080823e+01
   5.456914e+00  -2.304495e+01  -2.286702e+01  -2.225927e+01  -2.182604e+01  -2.133502e+01  -2.083243e+01
   5.472946e+00  -2.306066e+01  -2.289381e+01  -2.230234e+01  -2.186944e+01  -2.137125e+01  -2.087046e+01
   5.488978e+00  -2.307637e+01  -2.291986e+01  -2.234869e+01  -2.191006e+01  -2.141258e+01  -2.091756e+01
   5.505010e+00  -2.309169e+01  -2.294284e+01  -2.238764e+01  -2.196013e+01  -2.146463e+01  -2.097562e+01
   5.521042e+00  -2.310670e+01  -2.296583e+01  -2.242694e+01  -2.201228e+01  -2.152047e+01  -2.102574e+01
   5.537074e+00  -2.312171e+01  -2.298881e+01  -2.246938e+01  -2.205985e+01  -2.157532e+01  -2.106997e+01
   5.553106e+00  -2.313672e+01  -2.301077e+01  -2.251201e+01  -2.209859e+01  -2.162470e+01  -2.113264e+01
   5.569138e+00  -2.315173e+01  -2.302838e+01  -2.255542e+01  -2.213584e+01  -2.166528e+01  -2.117131e+01
   5.585170e+00  -2.316674e+01  -2.304599e+01  -2.258572e+01  -2.217237e+01  -2.169532e+01  -2.120720e+01
   5.601202e+00  -2.318175e+01  -2.306360e+01  -2.260945e+01  -2.219388e+01  -2.172499e+01  -2.123711e+01
   5.617234e+00  -2.319302e+01  -2.308121e+01  -2.263004e+01  -2.221481e+01  -2.175404e+01  -2.125643e+01
   5.633267e+00  -2.320266e+01  -2.308954e+01  -2.263714e+01  -2.222561e+01  -2.176594e+01  -2.126358e+01
   5.649299e+00  -2.321230e+01  -2.309566e+01  -2.264423e+01  -2.223165e+01  -2.177473e+01  -2.126806e+01
   5.665331e+00  -2.322194e+01  -2.310177e+01  -2.265133e+01  -2.223769e+01  -2.177781e+01  -2.127255e+01
   5.681363e+00  -2.323158e+01  -2.310789e+01  -2.265701e+01  -2.224127e+01  -2.177903e+01  -2.127693e+01
   5.697395e+00  -2.324122e+01  -2.311401e+01  -2.266160e+01  -2.224343e+01  -2.178024e+01  -2.128122e+01
   5.713427e+00  -2.325044e+01  -2.312012e+01  -2.266620e+01  -2.224559e+01  -2.178515e+01  -2.128564e+01
   5.729459e+00  -2.325542e+01  -2.312624e+01  -2.267080e+01  -2.224787e+01  -2.179159e+01  -2.129050e+01
   5.745491e+00  -2.326040e+01  -2.313236e+01  -2.267784e+01  -2.225065e+01  -2.179803e+01  -2.129536e+01
   5.761523e+00  -2.326537e+01  -2.313675e+01  -2.268675e+01  -2.225342e+01  -2.180557e+01  -2.130213e+01
   5.777555e+00  -2.327035e+01  -2.314113e+01  -2.269554e+01  -2.226515e+01  -2.181331e+01  -2.131715e+01
   5.793587e+00  -2.327532e+01  -2.314551e+01  -2.270288e+01  -2.228448e+01  -2.182105e+01  -2.133217e+01
   5.809619e+00  -2.328030e+01  -2.314989e+01  -2.271023e+01  -2.229381e+01  -2.182988e+01  -2.134157e+01
   5.825651e+00  -2.328527e+01  -2.315427e+01  -2.271757e+01  -2.230106e+01  -2.183871e+01  -2.135038e+01
   5.841683e+00  -2.328959e+01  -2.315865e+01  -2.272451e+01  -2.230832e+01  -2.184494e+01  -2.135834e+01
   5.857715e+00  -2.329146e+01  -2.316303e+01  -2.272702e+01  -2.231243e+01  -2.185088e+01  -2.135957e+01
   5.873747e+00  -2.329333e+01  -2.316741e+01  -2.272953e+01  -2.231567e+01  -2.185482e+01  -2.136080e+01
   5.889780e+00  -2.329519e+01  -2.317179e+01  -2.273204e+01  -2.231782e+01  -2.185603e+01  -2.136203e+01
   5.905812e+00  -2.329706e+01  -2.317617e+01  -2.273455e+01  -2.231887e+01  -2.185724e+01  -2.136313e+01
   5.921844e+00  -2.329892e+01  -2.318055e+01  -2.273468e+01  -2.231992e+01  -2.185801e+01  -2.136175e+01
   5.937876e+00  -2.330079e+01  -2.318493e+01  -2.273380e+01  -2.232097e+01  -2.185805e+01  -2.136038e+01
   5.953908e+00  -2.330266e+01  -2.318788e+01  -2.273292e+01  -2.232205e+01  -2.185809e+01  -2.135900e+01
   5.969940e+00  -2.330412e+01  -2.318881e+01  -2.273204e+01  -2.232313e+01  -2.185936e+01  -2.136052e+01
   5.985972e+00  -2.330479e+01  -2.318974e+01  -2.273239e+01  -2.232421e+01  -2.186112e+01  -2.136500e+01
   6.002004e+00  -2.330545e+01  -2.319067e+01  -2.273394e+01  -2.232597e+01  -2.186245e+01  -2.136949e+01
   6.018036e+00  -2.330612e+01  -2.319160e+01  -2.273549e+01  -2.232856e+01  -2.186350e+01  -2.137376e+01
   6.034068e+00  -2.330678e+01  -2.319253e+01  -2.273705e+01  -2.233115e+01  -2.186455e+01  -2.137719e+01
   6.050100e+00  -2.330745e+01  -2.319346e+01  -2.273860e+01  -2.233528e+01  -2.186560e+01  -2.138062e+01
   6.066132e+00  -2.330811e+01  -2.319439e+01  -2.274186e+01  -2.234046e+01  -2.187203e+01  -2.138405e+01
   6.082164e+00  -2.330878e+01  -2.319532e+01  -2.274572e+01  -2.234564e+01  -2.187848e+01  -2.138748e+01
   6.098196e+00  -2.330737e+01  -2.319625e+01  -2.274957e+01  -2.235235e+01  -2.188493e+01  -2.139416e+01
   6.114228e+00  -2.330589e+01  -2.319718e+01  -2.275343e+01  -2.235961e+01  -2.189138e+01  -2.140129e+01
   6.130261e+00  -2.330441e+01  -2.319810e+01  -2.275858e+01  -2.236686e+01  -2.189782e+01  -2.140842e+01
   6.146293e+00  -2.330292e+01  -2.319903e+01  -2.276382e+01  -2.237474e+01  -2.190426e+01  -2.141556e+01
   6.162325e+00  -2.330144e+01  -2.319996e+01  -2.276907e+01  -2.238290e+01  -2.191016e+01  -2.142290e+01
   6.178357e+00  -2.329996e+01  -2.320089e+01  -2.277432e+01  -2.239105e+01  -2.191585e+01  -2.143393e+01
   6.194389e+00  -2.329851e+01  -2.320182e+01  -2.278369e+01  -2.239932e+01  -2.192153e+01  -2.144497e+01
   6.210421e+00  -2.329713e+01  -2.320273e+01  -2.279455e+01  -2.240898e+01  -2.193191e+01  -2.145600e+01
   6.226453e+00  -2.329576e+01  -2.320364e+01  -2.280540e+01  -2.241864e+01  -2.194741e+01  -2.147050e+01
   6.242485e+00  -2.329438e+01  -2.320454e+01  -2.281660e+01  -2.242830e+01  -2.196047e+01  -2.148847e+01
   6.258517e+00  -2.329300e+01  -2.320544e+01  -2.282796e+01  -2.244339e+01  -2.197172e+01  -2.150643e+01
   6.274549e+00  -2.329162e+01  -2.320634e+01  -2.283931e+01  -2.246143e+01  -2.198658e+01  -2.152439e+01
   6.290581e+00  -2.329025e+01  -2.320724e+01  -2.285152e+01  -2.247948e+01  -2.201024e+01  -2.154184e+01
   6.306613e+00  -2.328842e+01  -2.320815e+01  -2.286476e+01  -2.249854e+01  -2.203839e+01  -2.155926e+01
   6.322645e+00  -2.328517e+01  -2.320905e+01  -2.287801e+01  -2.251786e+01  -2.206978e+01  -2.158036e+01
   6.338677e+00  -2.328192e+01  -2.320995e+01  -2.289366e+01  -2.253718e+01  -2.210071e+01  -2.160671e+01
   6.354709e+00  -2.327867e+01  -2.321085e+01  -2.291298e+01  -2.256101e+01  -2.213360e+01  -2.163306e+01
   6.370741e+00  -2.327542e+01  -2.321175e+01  -2.293229e+01  -2.258840e+01  -2.217715e+01  -2.166949e+01
   6.386774e+00  -2.327217e+01  -2.321265e+01  -2.295041e+01  -2.261509e+01  -2.221146e+01  -2.171068e+01
   6.402806e+00  -2.326892e+01  -2.321303e+01  -2.296627e+01  -2.263995e+01  -2.224049e+01  -2.174940e+01
   6.418838e+00  -2.326568e+01  -2.321259e+01  -2.298213e+01  -2.266481e+01  -2.226676e+01  -2.178572e+01
   6.434870e+00  -2.326243e+01  -2.321215e+01  -2.299739e+01  -2.269669e+01  -2.229204e+01  -2.181712e+01
   6.450902e+00  -2.325918e+01  -2.321171e+01  -2.300761e+01  -2.273104e+01  -2.231744e+01  -2.185071e+01
   6.466934e+00  -2.325593e+01  -2.321127e+01  -2.301782e+01  -2.274649e+01  -2.234320e+01  -2.188938e+01
   6.482966e+00  -2.325268e+01  -2.321083e+01  -2.302804e+01  -2.276194e+01  -2.237254e+01  -2.191300e+01
   6.498998e+00  -2.324943e+01  -2.321039e+01  -2.303442e+01  -2.277794e+01  -2.240479e+01  -2.193236e+01
   6.515030e+00  -2.324618e+01  -2.320995e+01  -2.304022e+01  -2.279567e+01  -2.242484e+01  -2.195653e+01
   6.531062e+00  -2.324293e+01  -2.320888e+01  -2.304602e+01  -2.281341e+01  -2.244253e+01  -2.198229e+01
   6.547094e+00  -2.323968e+01  -2.320526e+01  -2.305145e+01  -2.282160e+01  -2.245845e+01  -2.200353e+01
   6.563126e+00  -2.323643e+01  -2.320165e+01  -2.305061e+01  -2.282935e+01  -2.247294e+01  -2.201962e+01
   6.579158e+00  -2.323318e+01  -2.319803e+01  -2.304977e+01  -2.283710e+01  -2.248512e+01  -2.203572e+01
   6.595190e+00  -2.322993e+01  -2.319441e+01  -2.304892e+01  -2.284358e+01  -2.249110e+01  -2.204682e+01
   6.611222e+00  -2.322668e+01  -2.319079e+01  -2.304808e+01  -2.284276e+01  -2.249708e+01  -2.205113e+01
   6.627255e+00  -2.322343e+01  -2.318718e+01  -2.304718e+01  -2.284193e+01  -2.249832e+01  -2.205545e+01
   6.643287e+00  -2.322018e+01  -2.318356e+01  -2.304626e+01  -2.284111e+01  -2.249836e+01  -2.205976e+01
   6.659319e+00  -2.321693e+01  -2.317994e+01  -2.304533e+01  -2.284029e+01  -2.249839e+01  -2.206407e+01
   6.675351e+00  -2.321210e+01  -2.317627e+01  -2.304441e+01  -2.284088e+01  -2.249661e+01  -2.206198e+01
   6.691383e+00  -2.320631e+01  -2.317170e+01  -2.304130e+01  -2.284191e+01  -2.249340e+01  -2.205878e+01
   6.707415e+00  -2.320052e+01  -2.316713e+01  -2.303710e+01  -2.284293e+01  -2.249019e+01  -2.205559e+01
   6.723447e+00  -2.319473e+01  -2.316256e+01  -2.303290e+01  -2.284285e+01  -2.248667e+01  -2.205239e+01
   6.739479e+00  -2.318894e+01  -2.315799e+01  -2.302870e+01  -2.283645e+01  -2.248102e+01  -2.204839e+01
   6.755511e+00  -2.318315e+01  -2.315342e+01  -2.302406e+01  -2.283004e+01  -2.247537e+01  -2.204232e+01
   6.771543e+00  -2.317736e+01  -2.314886e+01  -2.301829e+01  -2.282398e+01  -2.246972e+01  -2.203625e+01
   6.787575e+00  -2.317157e+01  -2.314429e+01  -2.301252e+01  -2.281876e+01  -2.246368e+01  -2.203018e+01
   6.803607e+00  -2.316578e+01  -2.313972e+01  -2.300675e+01  -2.281353e+01  -2.245761e+01  -2.202411e+01
   6.819639e+00  -2.316000e+01  -2.313515e+01  -2.300048e+01  -2.280831e+01  -2.245153e+01  -2.201949e+01
   6.835671e+00  -2.315421e+01  -2.313058e+01  -2.299366e+01  -2.280264e+01  -2.244680e+01  -2.201662e+01
   6.851703e+00  -2.314842e+01  -2.312601e+01  -2.298684e+01  -2.279301e+01  -2.244569e+01  -2.201374e+01
   6.867735e+00  -2.314263e+01  -2.312144e+01  -2.298071e+01  -2.278337e+01  -2.244457e+01  -2.201087e+01
   6.883768e+00  -2.313684e+01  -2.311687e+01  -2.297685e+01  -2.277791e+01  -2.244346e+01  -2.200800e+01
   6.899800e+00  -2.313105e+01  -2.311230e+01  -2.297299e+01  -2.277793e+01  -2.244235e+01  -2.200666e+01
   6.915832e+00  -2.312526e+01  -2.310684e+01  -2.296914e+01  -2.277796e+01  -2.244124e+01  -2.200789e+01
   6.931864e+00  -2.311947e+01  -2.310069e+01  -2.296497e+01  -2.277798e+01  -2.244013e+01  -2.200912e+01
   6.947896e+00  -2.311368e+01  -2.309454e+01  -2.296037e+01  -2.277771e+01  -2.244087e+01  -2.201035e+01
   6.963928e+00  -2.310721e+01  -2.308840e+01  -2.295578e+01  -2.277653e+01  -2.244208e+01  -2.201207e+01
   6.979960e+00  -2.310060e+01  -2.308225e+01  -2.295118e+01  -2.277535e+01  -2.244329e+01  -2.201486e+01
   6.995992e+00  -2.309400e+01  -2.307610e+01  -2.294890e+01  -2.277487e+01  -2.244845e+01  -2.201764e+01
   7.012024e+00  -2.308739e+01  -2.306995e+01  -2.294988e+01  -2.277730e+01  -2.245492e+01  -2.202043e+01
   7.028056e+00  -2.308079e+01  -2.306381e+01  -2.295085e+01  -2.277973e+01  -2.246140e+01  -2.203307e+01
   7.044088e+00  -2.307418e+01  -2.305766e+01  -2.295182e+01  -2.278287e+01  -2.247358e+01  -2.204887e+01
   7.060120e+00  -2.306758e+01  -2.305151e+01  -2.295158e+01  -2.279012e+01  -2.248646e+01  -2.206467e+01
   7.076152e+00  -2.306097e+01  -2.304536e+01  -2.295056e+01  -2.279738e+01  -2.249873e+01  -2.208391e+01
   7.092184e+00  -2.305437e+01  -2.303922e+01  -2.294954e+01  -2.280480e+01  -2.251061e+01  -2.210326e+01
   7.108216e+00  -2.304777e+01  -2.303307e+01  -2.294852e+01  -2.281373e+01  -2.252436e+01  -2.212572e+01
   7.124248e+00  -2.304116e+01  -2.302692e+01  -2.295032e+01  -2.282266e+01  -2.255018e+01  -2.215229e+01
   7.140281e+00  -2.303456e+01  -2.302078e+01  -2.295217e+01  -2.283028e+01  -2.257107e+01  -2.217853e+01
   7.156313e+00  -2.302795e+01  -2.301463e+01  -2.295402e+01  -2.283710e+01  -2.258522e+01  -2.220430e+01
   7.172345e+00  -2.302135e+01  -2.300848e+01  -2.295586e+01  -2.284393e+01  -2.259938e+01  -2.222971e+01
   7.188377e+00  -2.301474e+01  -2.300233e+01  -2.295417e+01  -2.285093e+01  -2.261849e+01  -2.225258e+01
   7.204409e+00  -2.300814e+01  -2.299619e+01  -2.295240e+01  -2.285818e+01  -2.264138e+01  -2.227545e+01
   7.220441e+00  -2.300153e+01  -2.299004e+01  -2.295064e+01  -2.286544e+01  -2.265904e+01  -2.229969e+01
   7.236473e+00  -2.299493e+01  -2.298389e+01  -2.294887e+01  -2.287062e+01  -2.267092e+01  -2.232674e+01
   7.252505e+00  -2.298832e+01  -2.297773e+01  -2.294344e+01  -2.287183e+01  -2.268280e+01  -2.235380e+01
   7.268537e+00  -2.298172e+01  -2.297108e+01  -2.293701e+01  -2.287305e+01  -2.269110e+01  -2.237167e+01
   7.284569e+00  -2.297511e+01  -2.296442e+01  -2.293046e+01  -2.287391e+01  -2.269939e+01  -2.238715e+01
   7.300601e+00  -2.296851e+01  -2.295777e+01  -2.292377e+01  -2.287395e+01  -2.270706e+01  -2.240262e+01
   7.316633e+00  -2.296190e+01  -2.295111e+01  -2.291709e+01  -2.287398e+01  -2.271351e+01  -2.241810e+01
   7.332665e+00  -2.295530e+01  -2.294446e+01  -2.291041e+01  -2.287311e+01  -2.271996e+01  -2.243299e+01
   7.348697e+00  -2.294869e+01  -2.293780e+01  -2.290373e+01  -2.287110e+01  -2.272641e+01  -2.244787e+01
   7.364729e+00  -2.294209e+01  -2.293115e+01  -2.289705e+01  -2.286908e+01  -2.272930e+01  -2.246276e+01
   7.380762e+00  -2.293548e+01  -2.292449e+01  -2.289037e+01  -2.286706e+01  -2.273184e+01  -2.247404e+01
   7.396794e+00  -2.292888e+01  -2.291784e+01  -2.288368e+01  -2.286155e+01  -2.273437e+01  -2.248370e+01
   7.412826e+00  -2.292227e+01  -2.291118e+01  -2.287700e+01  -2.285528e+01  -2.273690e+01  -2.249335e+01
   7.428858e+00  -2.291567e+01  -2.290453e+01  -2.287032e+01  -2.284900e+01  -2.273755e+01  -2.250183e+01
   7.444890e+00  -2.290906e+01  -2.289787e+01  -2.286364e+01  -2.284273e+01  -2.273650e+01  -2.250282e+01
   7.460922e+00  -2.290246e+01  -2.289122e+01  -2.285696e+01  -2.283645e+01  -2.273545e+01  -2.250380e+01
   7.476954e+00  -2.289585e+01  -2.288456e+01  -2.285028e+01  -2.283018e+01  -2.273434e+01  -2.250479e+01
   7.492986e+00  -2.288925e+01  -2.287791e+01  -2.284359e+01  -2.282391e+01  -2.273269e+01  -2.250577e+01
   7.509018e+00  -2.288264e+01  -2.287125e+01  -2.283691e+01  -2.281763e+01  -2.273105e+01  -2.250670e+01
   7.525050e+00  -2.287604e+01  -2.286460e+01  -2.283023e+01  -2.281136e+01  -2.272941e+01  -2.250672e+01
   7.541082e+00  -2.286943e+01  -2.285794e+01  -2.282355e+01  -2.280508e+01  -2.272776e+01  -2.250674e+01
   7.557114e+00  -2.286283e+01  -2.285129e+01  -2.281687e+01  -2.279881e+01  -2.272293e+01  -2.250677e+01
   7.573146e+00  -2.285622e+01  -2.284463e+01  -2.281018e+01  -2.279253e+01  -2.271685e+01  -2.250679e+01
   7.589178e+00  -2.284962e+01  -2.283798e+01  -2.280350e+01  -2.278626e+01  -2.271078e+01  -2.250581e+01
   7.605210e+00  -2.284302e+01  -2.283132e+01  -2.279682e+01  -2.277998e+01  -2.270473e+01  -2.250377e+01
   7.621242e+00  -2.283641e+01  -2.282466e+01  -2.279014e+01  -2.277371e+01  -2.269896e+01  -2.250173e+01
   7.637275e+00  -2.282981e+01  -2.281801e+01  -2.278346e+01  -2.276744e+01  -2.269318e+01  -2.249969e+01
   7.653307e+00  -2.282320e+01  -2.281135e+01  -2.277678e+01  -2.276116e+01  -2.268741e+01  -2.249765e+01
   7.669339e+00  -2.281660e+01  -2.280470e+01  -2.277009e+01  -2.275489e+01  -2.268179e+01  -2.249562e+01
   7.685371e+00  -2.280999e+01  -2.279804e+01  -2.276341e+01  -2.274861e+01  -2.267654e+01  -2.249358e+01
   7.701403e+00  -2.280339e+01  -2.279139e+01  -2.275673e+01  -2.274234e+01  -2.267129e+01  -2.249124e+01
   7.717435e+00  -2.279678e+01  -2.278473e+01  -2.275005e+01  -2.273606e+01  -2.266604e+01  -2.248839e+01
   7.733467e+00  -2.279018e+01  -2.277808e+01  -2.274337e+01  -2.272979e+01  -2.266081e+01  -2.248555e+01
   7.749499e+00  -2.278357e+01  -2.277142e+01  -2.273668e+01  -2.272351e+01  -2.265582e+01  -2.248271e+01
   7.765531e+00  -2.277697e+01  -2.276477e+01  -2.273000e+01  -2.271724e+01  -2.265082e+01  -2.247986e+01
   7.781563e+00  -2.277036e+01  -2.275811e+01  -2.272332e+01  -2.271097e+01  -2.264582e+01  -2.247702e+01
   7.797595e+00  -2.276376e+01  -2.275146e+01  -2.271664e+01  -2.270469e+01  -2.264082e+01  -2.247418e+01
   7.813627e+00  -2.275715e+01  -2.274480e+01  -2.270996e+01  -2.269842e+01  -2.263679e+01  -2.247056e+01
   7.829659e+00  -2.275055e+01  -2.273815e+01  -2.270328e+01  -2.269214e+01  -2.263314e+01  -2.246623e+01
   7.845691e+00  -2.274393e+01  -2.273149e+01  -2.269659e+01  -2.268587e+01  -2.262949e+01  -2.246190e+01
   7.861723e+00  -2.273725e+01  -2.272484e+01  -2.268991e+01  -2.267959e+01  -2.262584e+01  -2.245757e+01
   7.877756e+00  -2.273056e+01  -2.271818e+01  -2.268323e+01  -2.267332e+01  -2.261944e+01  -2.245324e+01
   7.893788e+00  -2.272388e+01  -2.271153e+01  -2.267655e+01  -2.266704e+01  -2.261195e+01  -2.244891e+01
   7.909820e+00  -2.271720e+01  -2.270487e+01  -2.266987e+01  -2.266077e+01  -2.260445e+01  -2.244458e+01
   7.925852e+00  -2.271052e+01  -2.269822e+01  -2.266319e+01  -2.265449e+01  -2.259800e+01  -2.244025e+01
   7.941884e+00  -2.270384e+01  -2.269156e+01  -2.265650e+01  -2.264822e+01  -2.259415e+01  -2.243680e+01
   7.957916e+00  -2.269715e+01  -2.268491e+01  -2.264982e+01  -2.264195e+01  -2.259030e+01  -2.243385e+01
   7.973948e+00  -2.269047e+01  -2.267825e+01  -2.264314e+01  -2.263567e+01  -2.258605e+01  -2.243090e+01
   7.989980e+00  -2.268379e+01  -2.267160e+01  -2.263646e+01  -2.262940e+01  -2.258126e+01  -2.242794e+01
   8.006012e+00  -2.267711e+01  -2.266494e+01  -2.262978e+01  -2.262312e+01  -2.257647e+01  -2.242499e+01
   8.022044e+00  -2.267042e+01  -2.265829e+01  -2.262309e+01  -2.261685e+01  -2.257168e+01  -2.242204e+01
   8.038076e+00  -2.266374e+01  -2.265163e+01  -2.261641e+01  -2.261057e+01  -2.256689e+01  -2.241907e+01
   8.054108e+00  -2.265706e+01  -2.264498e+01  -2.260973e+01  -2.260430e+01  -2.255927e+01  -2.241576e+01
   8.070140e+00  -2.265038e+01  -2.263832e+01  -2.260305e+01  -2.259802e+01  -2.255118e+01  -2.241245e+01
   8.086172e+00  -2.264370e+01  -2.263167e+01  -2.259637e+01  -2.259175e+01  -2.254308e+01  -2.240913e+01
   8.102204e+00  -2.263701e+01  -2.262501e+01  -2.258969e+01  -2.258548e+01  -2.253589e+01  -2.240582e+01
   8.118236e+00  -2.263033e+01  -2.261836e+01  -2.258300e+01  -2.257920e+01  -2.253160e+01  -2.240251e+01
   8.134269e+00  -2.262365e+01  -2.261170e+01  -2.257632e+01  -2.257293e+01  -2.252732e+01  -2.239920e+01
   8.150301e+00  -2.261697e+01  -2.260505e+01  -2.256964e+01  -2.256665e+01  -2.252303e+01  -2.239588e+01
   8.166333e+00  -2.261028e+01  -2.259839e+01  -2.256296e+01  -2.256038e+01  -2.251359e+01  -2.239105e+01
   8.182365e+00  -2.260360e+01  -2.259174e+01  -2.255628e+01  -2.255410e+01  -2.250357e+01  -2.238547e+01
   8.198397e+00  -2.259692e+01  -2.258508e+01  -2.254959e+01  -2.254783e+01  -2.249992e+01  -2.237990e+01
   8.214429e+00  -2.259024e+01  -2.257843e+01  -2.254291e+01  -2.254155e+01  -2.249627e+01  -2.237432e+01
   8.230461e+00  -2.258356e+01  -2.257177e+01  -2.253623e+01  -2.253528e+01  -2.249262e+01  -2.236875e+01
   8.246493e+00  -2.257687e+01  -2.256512e+01  -2.252955e+01  -2.252901e+01  -2.248863e+01  -2.236317e+01
   8.262525e+00  -2.257019e+01  -2.255846e+01  -2.252287e+01  -2.252273e+01  -2.248128e+01  -2.235760e+01
   8.278557e+00  -2.256351e+01  -2.255181e+01  -2.251619e+01  -2.251646e+01  -2.247393e+01  -2.235202e+01
   8.294589e+00  -2.255683e+01  -2.254515e+01  -2.250950e+01  -2.251018e+01  -2.246659e+01  -2.234732e+01
   8.310621e+00  -2.255014e+01  -2.253850e+01  -2.250282e+01  -2.250391e+01  -2.245932e+01  -2.234283e+01
   8.326653e+00  -2.254346e+01  -2.253184e+01  -2.249614e+01  -2.249763e+01  -2.245294e+01  -2.233834e+01
   8.342685e+00  -2.253678e+01  -2.252519e+01  -2.248946e+01  -2.249136e+01  -2.244655e+01  -2.233385e+01
   8.358717e+00  -2.253010e+01  -2.251853e+01  -2.248278e+01  -2.248508e+01  -2.244053e+01  -2.232936e+01
   8.374749e+00  -2.252341e+01  -2.251188e+01  -2.247610e+01  -2.247881e+01  -2.243459e+01  -2.232488e+01
   8.390782e+00  -2.251673e+01  -2.250522e+01  -2.246941e+01  -2.247254e+01  -2.242921e+01  -2.232039e+01
   8.406814e+00  -2.251005e+01  -2.249856e+01  -2.246273e+01  -2.246626e+01  -2.242495e+01  -2.231576e+01
   8.422846e+00  -2.250337e+01  -2.249191e+01  -2.245605e+01  -2.245999e+01  -2.242069e+01  -2.231046e+01
   8.438878e+00  -2.249669e+01  -2.248525e+01  -2.244937e+01  -2.245371e+01  -2.241643e+01  -2.230517e+01
   8.454910e+00  -2.249000e+01  -2.247860e+01  -2.244269e+01  -2.244744e+01  -2.240952e+01  -2.229987e+01
   8.470942e+00  -2.248332e+01  -2.247194e+01  -2.243600e+01  -2.244116e+01  -2.240230e+01  -2.229458e+01
   8.486974e+00  -2.247664e+01  -2.246529e+01  -2.242932e+01  -2.243489e+01  -2.239509e+01  -2.228928e+01
   8.503006e+00  -2.246996e+01  -2.245863e+01  -2.242264e+01  -2.242861e+01  -2.238993e+01  -2.228399e+01
   8.519038e+00  -2.246327e+01  -2.245198e+01  -2.241596e+01  -2.242234e+01  -2.238514e+01  -2.227870e+01
   8.535070e+00  -2.245659e+01  -2.244532e+01  -2.240928e+01  -2.241606e+01  -2.238035e+01  -2.227184e+01
   8.551102e+00  -2.244991e+01  -2.243867e+01  -2.240260e+01  -2.240979e+01  -2.237453e+01  -2.226462e+01
   8.567134e+00  -2.244323e+01  -2.243201e+01  -2.239591e+01  -2.240352e+01  -2.236845e+01  -2.225741e+01
   8.583166e+00  -2.243655e+01  -2.242536e+01  -2.238923e+01  -2.239724e+01  -2.236237e+01  -2.225019e+01
   8.599198e+00  -2.242986e+01  -2.241870e+01  -2.238255e+01  -2.239097e+01  -2.235641e+01  -2.224297e+01
   8.615230e+00  -2.242318e+01  -2.241205e+01  -2.237587e+01  -2.238469e+01  -2.235093e+01  -2.223576e+01
   8.631263e+00  -2.241650e+01  -2.240539e+01  -2.236919e+01  -2.237842e+01  -2.234546e+01  -2.223039e+01
   8.647295e+00  -2.240982e+01  -2.239874e+01  -2.236250e+01  -2.237214e+01  -2.233902e+01  -2.222576e+01
   8.663327e+00  -2.240313e+01  -2.239208e+01  -2.235582e+01  -2.236587e+01  -2.233167e+01  -2.222113e+01
   8.679359e+00  -2.239645e+01  -2.238543e+01  -2.234914e+01  -2.235959e+01  -2.232432e+01  -2.221650e+01
   8.695391e+00  -2.238977e+01  -2.237877e+01  -2.234246e+01  -2.235332e+01  -2.231698e+01  -2.221187e+01
   8.711423e+00  -2.238309e+01  -2.237212e+01  -2.233578e+01  -2.234705e+01  -2.231133e+01  -2.220724e+01
   8.727455e+00  -2.237641e+01  -2.236546e+01  -2.232910e+01  -2.234077e+01  -2.230730e+01  -2.220261e+01
   8.743487e+00  -2.236972e+01  -2.235881e+01  -2.232241e+01  -2.233450e+01  -2.230326e+01  -2.219779e+01
   8.759519e+00  -2.236304e+01  -2.235215e+01  -2.231573e+01  -2.232822e+01  -2.229923e+01  -2.219262e+01
   8.775551e+00  -2.235636e+01  -2.234550e+01  -2.230905e+01  -2.232195e+01  -2.229403e+01  -2.218744e+01
   8.791583e+00  -2.234968e+01  -2.233884e+01  -2.230237e+01  -2.231567e+01  -2.228869e+01  -2.218226e+01
   8.807615e+00  -2.234299e+01  -2.233219e+01  -2.229569e+01  -2.230940e+01  -2.228336e+01  -2.217708e+01
   8.823647e+00  -2.233631e+01  -2.232553e+01  -2.228901e+01  -2.230312e+01  -2.227802e+01  -2.217190e+01
   8.839679e+00  -2.232963e+01  -2.231888e+01  -2.228232e+01  -2.229685e+01  -2.227268e+01  -2.216672e+01
   8.855711e+00  -2.232295e+01  -2.231222e+01  -2.227564e+01  -2.229058e+01  -2.226735e+01  -2.216237e+01
   8.871743e+00  -2.231627e+01  -2.230557e+01  -2.226896e+01  -2.228430e+01  -2.226206e+01  -2.215830e+01
   8.887776e+00  -2.230958e+01  -2.229891e+01  -2.226228e+01  -2.227803e+01  -2.225802e+01  -2.215423e+01
   8.903808e+00  -2.230290e+01  -2.229226e+01  -2.225560e+01  -2.227175e+01  -2.225399e+01  -2.215017e+01
   8.919840e+00  -2.229622e+01  -2.228560e+01  -2.224891e+01  -2.226548e+01  -2.224996e+01  -2.214610e+01
   8.935872e+00  -2.228954e+01  -2.227895e+01  -2.224223e+01  -2.225920e+01  -2.224448e+01  -2.214203e+01
   8.951904e+00  -2.228285e+01  -2.227229e+01  -2.223555e+01  -2.225293e+01  -2.223699e+01  -2.213796e+01
   8.967936e+00  -2.227617e+01  -2.226564e+01  -2.222887e+01  -2.224665e+01  -2.222950e+01  -2.213389e+01
   8.983968e+00  -2.226949e+01  -2.225898e+01  -2.222219e+01  -2.224038e+01  -2.222200e+01  -2.212983e+01
   9.000000e+00  -2.226281e+01  -2.225233e+01  -2.221551e+01  -2.223410e+01  -2.221451e+01  -2.212576e+01
