# New G.A.S. format
# filter of SDSS III r band (~0.62 micron)
# After the "START" signal, the file is bild as follow:
# File name
# nwave: number of wavelenght
# center wavelenght [micron]
# and for l=1 to nwave, lambda [micron] | transmission [without unit]
START
SDSS_r
75
0.6165
0.5380   0.0000
0.5405   0.0014
0.5430   0.0099
0.5455   0.0259
0.5480   0.0497
0.5505   0.0807
0.5530   0.1186
0.5555   0.1625
0.5580   0.2093
0.5605   0.2555
0.5630   0.2975
0.5655   0.3326
0.5680   0.3609
0.5705   0.3834
0.5730   0.4010
0.5755   0.4147
0.5780   0.4253
0.5805   0.4333
0.5830   0.4395
0.5855   0.4446
0.5880   0.4489
0.5905   0.4527
0.5930   0.4563
0.5955   0.4599
0.5980   0.4634
0.6005   0.4665
0.6030   0.4689
0.6055   0.4703
0.6080   0.4711
0.6105   0.4717
0.6130   0.4727
0.6155   0.4744
0.6180   0.4767
0.6205   0.4792
0.6230   0.4819
0.6255   0.4844
0.6280   0.4867
0.6305   0.4887
0.6330   0.4902
0.6355   0.4909
0.6380   0.4912
0.6405   0.4912
0.6430   0.4912
0.6455   0.4914
0.6480   0.4915
0.6505   0.4912
0.6530   0.4901
0.6555   0.4878
0.6580   0.4852
0.6605   0.4818
0.6630   0.4697
0.6655   0.4421
0.6680   0.4009
0.6705   0.3499
0.6730   0.2924
0.6755   0.2318
0.6780   0.1715
0.6805   0.1152
0.6830   0.0687
0.6855   0.0380
0.6880   0.0212
0.6905   0.0134
0.6930   0.0099
0.6955   0.0076
0.6980   0.0055
0.7005   0.0039
0.7030   0.0027
0.7055   0.0020
0.7080   0.0015
0.7105   0.0012
0.7130   0.0010
0.7155   0.0007
0.7180   0.0004
0.7205   0.0002
0.7230   0.0000





















