# IGM Attenuation computed from Analytical model proposed by Inoue+14
# Computed for filter Galex_NUV as function of the redshift
# z | attenuation [Mag]
 0.0000e+00 -0.0000e+00
 1.0000e-02 -0.0000e+00
 2.0000e-02 -0.0000e+00
 3.0000e-02 -0.0000e+00
 4.0000e-02 -0.0000e+00
 5.0000e-02 -0.0000e+00
 6.0000e-02 -0.0000e+00
 7.0000e-02 -0.0000e+00
 8.0000e-02 -0.0000e+00
 9.0000e-02 -0.0000e+00
 1.0000e-01 -0.0000e+00
 1.1000e-01 -0.0000e+00
 1.2000e-01 -0.0000e+00
 1.3000e-01 -0.0000e+00
 1.4000e-01 -0.0000e+00
 1.5000e-01 -0.0000e+00
 1.6000e-01 -0.0000e+00
 1.7000e-01 -0.0000e+00
 1.8000e-01 -0.0000e+00
 1.9000e-01 -0.0000e+00
 2.0000e-01 -0.0000e+00
 2.1000e-01 -0.0000e+00
 2.2000e-01 -0.0000e+00
 2.3000e-01 -0.0000e+00
 2.4000e-01 -0.0000e+00
 2.5000e-01 -0.0000e+00
 2.6000e-01 -0.0000e+00
 2.7000e-01 -0.0000e+00
 2.8000e-01 -0.0000e+00
 2.9000e-01 -0.0000e+00
 3.0000e-01 -0.0000e+00
 3.1000e-01 -0.0000e+00
 3.2000e-01 -0.0000e+00
 3.3000e-01 -0.0000e+00
 3.4000e-01 -0.0000e+00
 3.5000e-01 -0.0000e+00
 3.6000e-01 -0.0000e+00
 3.7000e-01 -0.0000e+00
 3.8000e-01 -0.0000e+00
 3.9000e-01 -0.0000e+00
 4.0000e-01  7.4830e-05
 4.1000e-01  7.4830e-05
 4.2000e-01  7.4830e-05
 4.3000e-01  7.4830e-05
 4.4000e-01  1.7995e-04
 4.5000e-01  1.7995e-04
 4.6000e-01  1.7995e-04
 4.7000e-01  1.7995e-04
 4.8000e-01  1.7995e-04
 4.9000e-01  5.1308e-04
 5.0000e-01  5.1308e-04
 5.1000e-01  5.1308e-04
 5.2000e-01  5.1308e-04
 5.3000e-01  1.1074e-03
 5.4000e-01  1.1074e-03
 5.5000e-01  1.1074e-03
 5.6000e-01  1.1074e-03
 5.7000e-01  2.0392e-03
 5.8000e-01  2.0392e-03
 5.9000e-01  2.0392e-03
 6.0000e-01  2.0392e-03
 6.1000e-01  3.2420e-03
 6.2000e-01  3.2420e-03
 6.3000e-01  3.2420e-03
 6.4000e-01  3.2420e-03
 6.5000e-01  4.9131e-03
 6.6000e-01  4.9392e-03
 6.7000e-01  4.9392e-03
 6.8000e-01  4.9392e-03
 6.9000e-01  6.7468e-03
 7.0000e-01  6.7468e-03
 7.1000e-01  6.7835e-03
 7.2000e-01  6.7835e-03
 7.3000e-01  8.8642e-03
 7.4000e-01  8.8642e-03
 7.5000e-01  8.8781e-03
 7.6000e-01  8.9946e-03
 7.7000e-01  1.1421e-02
 7.8000e-01  1.1421e-02
 7.9000e-01  1.1429e-02
 8.0000e-01  1.1449e-02
 8.1000e-01  1.4248e-02
 8.2000e-01  1.4254e-02
 8.3000e-01  1.4259e-02
 8.4000e-01  1.4263e-02
 8.5000e-01  1.4285e-02
 8.6000e-01  1.7133e-02
 8.7000e-01  1.7172e-02
 8.8000e-01  1.7181e-02
 8.9000e-01  1.7203e-02
 9.0000e-01  1.9620e-02
 9.1000e-01  2.0182e-02
 9.2000e-01  2.0271e-02
 9.3000e-01  2.0293e-02
 9.4000e-01  2.2519e-02
 9.5000e-01  2.3236e-02
 9.6000e-01  2.3458e-02
 9.7000e-01  2.3564e-02
 9.8000e-01  2.6158e-02
 9.9000e-01  2.6257e-02
 1.0000e+00  2.6988e-02
 1.0100e+00  2.7440e-02
 1.0200e+00  3.0165e-02
 1.0300e+00  3.0607e-02
 1.0400e+00  3.0731e-02
 1.0500e+00  3.1654e-02
 1.0600e+00  3.4956e-02
 1.0700e+00  3.5181e-02
 1.0800e+00  3.5661e-02
 1.0900e+00  3.6119e-02
 1.1000e+00  3.9931e-02
 1.1100e+00  4.0770e-02
 1.1200e+00  4.1093e-02
 1.1300e+00  4.1500e-02
 1.1400e+00  4.5108e-02
 1.1500e+00  4.6491e-02
 1.1600e+00  4.7549e-02
 1.1700e+00  4.7962e-02
 1.1800e+00  5.0963e-02
 1.1900e+00  5.1960e-02
 1.2000e+00  5.3669e-02
 1.2100e+00  5.4297e-02
 1.2200e+00  5.5642e-02
 1.2300e+00  5.8531e-02
 1.2400e+00  5.9517e-02
 1.2500e+00  6.1826e-02
 1.2600e+00  6.2684e-02
 1.2700e+00  6.5909e-02
 1.2800e+00  6.6723e-02
 1.2900e+00  6.7762e-02
 1.3000e+00  7.0273e-02
 1.3100e+00  7.2597e-02
 1.3200e+00  7.4449e-02
 1.3300e+00  7.5689e-02
 1.3400e+00  7.7867e-02
 1.3500e+00  7.9822e-02
 1.3600e+00  8.2018e-02
 1.3700e+00  8.4392e-02
 1.3800e+00  8.5813e-02
 1.3900e+00  8.8586e-02
 1.4000e+00  9.0427e-02
 1.4100e+00  9.2709e-02
 1.4200e+00  9.5546e-02
 1.4300e+00  9.7670e-02
 1.4400e+00  1.0062e-01
 1.4500e+00  1.0244e-01
 1.4600e+00  1.0483e-01
 1.4700e+00  1.0837e-01
 1.4800e+00  1.1085e-01
 1.4900e+00  1.1424e-01
 1.5000e+00  1.1643e-01
 1.5100e+00  1.1901e-01
 1.5200e+00  1.2271e-01
 1.5300e+00  1.2592e-01
 1.5400e+00  1.2970e-01
 1.5500e+00  1.3208e-01
 1.5600e+00  1.3497e-01
 1.5700e+00  1.3769e-01
 1.5800e+00  1.4264e-01
 1.5900e+00  1.4656e-01
 1.6000e+00  1.4949e-01
 1.6100e+00  1.5219e-01
 1.6200e+00  1.5556e-01
 1.6300e+00  1.6021e-01
 1.6400e+00  1.6543e-01
 1.6500e+00  1.6858e-01
 1.6600e+00  1.7170e-01
 1.6700e+00  1.7546e-01
 1.6800e+00  1.7995e-01
 1.6900e+00  1.8611e-01
 1.7000e+00  1.8969e-01
 1.7100e+00  1.9324e-01
 1.7200e+00  1.9733e-01
 1.7300e+00  2.0244e-01
 1.7400e+00  2.0835e-01
 1.7500e+00  2.1223e-01
 1.7600e+00  2.1628e-01
 1.7700e+00  2.2047e-01
 1.7800e+00  2.2593e-01
 1.7900e+00  2.3061e-01
 1.8000e+00  2.3689e-01
 1.8100e+00  2.4143e-01
 1.8200e+00  2.4592e-01
 1.8300e+00  2.5161e-01
 1.8400e+00  2.5644e-01
 1.8500e+00  2.6356e-01
 1.8600e+00  2.6825e-01
 1.8700e+00  2.7328e-01
 1.8800e+00  2.7913e-01
 1.8900e+00  2.8438e-01
 1.9000e+00  2.9039e-01
 1.9100e+00  2.9698e-01
 1.9200e+00  3.0249e-01
 1.9300e+00  3.0796e-01
 1.9400e+00  3.1394e-01
 1.9500e+00  3.1999e-01
 1.9600e+00  3.2710e-01
 1.9700e+00  3.3294e-01
 1.9800e+00  3.3881e-01
 1.9900e+00  3.4483e-01
 2.0000e+00  3.5087e-01
 2.0100e+00  3.5738e-01
 2.0200e+00  3.6403e-01
 2.0300e+00  3.7017e-01
 2.0400e+00  3.7635e-01
 2.0500e+00  3.8259e-01
 2.0600e+00  3.8886e-01
 2.0700e+00  3.9553e-01
 2.0800e+00  4.0179e-01
 2.0900e+00  4.0807e-01
 2.1000e+00  4.1437e-01
 2.1100e+00  4.2071e-01
 2.1200e+00  4.2710e-01
 2.1300e+00  4.3353e-01
 2.1400e+00  4.3990e-01
 2.1500e+00  4.4628e-01
 2.1600e+00  4.5266e-01
 2.1700e+00  4.5907e-01
 2.1800e+00  4.6553e-01
 2.1900e+00  4.7195e-01
 2.2000e+00  4.7838e-01
 2.2100e+00  4.8482e-01
 2.2200e+00  4.9127e-01
 2.2300e+00  4.9773e-01
 2.2400e+00  5.0420e-01
 2.2500e+00  5.1068e-01
 2.2600e+00  5.1718e-01
 2.2700e+00  5.2368e-01
 2.2800e+00  5.3019e-01
 2.2900e+00  5.3671e-01
 2.3000e+00  5.4323e-01
 2.3100e+00  5.4977e-01
 2.3200e+00  5.5632e-01
 2.3300e+00  5.6288e-01
 2.3400e+00  5.6945e-01
 2.3500e+00  5.7603e-01
 2.3600e+00  5.8262e-01
 2.3700e+00  5.8921e-01
 2.3800e+00  5.9582e-01
 2.3900e+00  6.0244e-01
 2.4000e+00  6.0906e-01
 2.4100e+00  6.1570e-01
 2.4200e+00  6.2234e-01
 2.4300e+00  6.2900e-01
 2.4400e+00  6.3566e-01
 2.4500e+00  6.4233e-01
 2.4600e+00  6.4902e-01
 2.4700e+00  6.5571e-01
 2.4800e+00  6.6241e-01
 2.4900e+00  6.6912e-01
 2.5000e+00  6.7584e-01
 2.5100e+00  6.8257e-01
 2.5200e+00  6.8930e-01
 2.5300e+00  6.9605e-01
 2.5400e+00  7.0281e-01
 2.5500e+00  7.0957e-01
 2.5600e+00  7.1635e-01
 2.5700e+00  7.2313e-01
 2.5800e+00  7.2992e-01
 2.5900e+00  7.3673e-01
 2.6000e+00  7.4354e-01
 2.6100e+00  7.5036e-01
 2.6200e+00  7.5719e-01
 2.6300e+00  7.6402e-01
 2.6400e+00  7.7087e-01
 2.6500e+00  7.7773e-01
 2.6600e+00  7.8459e-01
 2.6700e+00  7.9146e-01
 2.6800e+00  7.9835e-01
 2.6900e+00  8.0524e-01
 2.7000e+00  8.1214e-01
 2.7100e+00  8.1904e-01
 2.7200e+00  8.2596e-01
 2.7300e+00  8.3289e-01
 2.7400e+00  8.3982e-01
 2.7500e+00  8.4677e-01
 2.7600e+00  8.5372e-01
 2.7700e+00  8.6068e-01
 2.7800e+00  8.6765e-01
 2.7900e+00  8.7462e-01
 2.8000e+00  8.8161e-01
 2.8100e+00  8.8861e-01
 2.8200e+00  8.9561e-01
 2.8300e+00  9.0262e-01
 2.8400e+00  9.0964e-01
 2.8500e+00  9.1667e-01
 2.8600e+00  9.2371e-01
 2.8700e+00  9.3075e-01
 2.8800e+00  9.3781e-01
 2.8900e+00  9.4487e-01
 2.9000e+00  9.5194e-01
 2.9100e+00  9.5902e-01
 2.9200e+00  9.6611e-01
 2.9300e+00  9.7320e-01
 2.9400e+00  9.8030e-01
 2.9500e+00  9.8742e-01
 2.9600e+00  9.9454e-01
 2.9700e+00  1.0017e+00
 2.9800e+00  1.0088e+00
 2.9900e+00  1.0159e+00
 3.0000e+00  1.0231e+00
 3.0100e+00  1.0303e+00
 3.0200e+00  1.0374e+00
 3.0300e+00  1.0446e+00
 3.0400e+00  1.0518e+00
 3.0500e+00  1.0590e+00
 3.0600e+00  1.0662e+00
 3.0700e+00  1.0734e+00
 3.0800e+00  1.0806e+00
 3.0900e+00  1.0878e+00
 3.1000e+00  1.0951e+00
 3.1100e+00  1.1023e+00
 3.1200e+00  1.1096e+00
 3.1300e+00  1.1168e+00
 3.1400e+00  1.1241e+00
 3.1500e+00  1.1313e+00
 3.1600e+00  1.1386e+00
 3.1700e+00  1.1459e+00
 3.1800e+00  1.1532e+00
 3.1900e+00  1.1605e+00
 3.2000e+00  1.1678e+00
 3.2100e+00  1.1751e+00
 3.2200e+00  1.1825e+00
 3.2300e+00  1.1898e+00
 3.2400e+00  1.1971e+00
 3.2500e+00  1.2045e+00
 3.2600e+00  1.2118e+00
 3.2700e+00  1.2192e+00
 3.2800e+00  1.2266e+00
 3.2900e+00  1.2340e+00
 3.3000e+00  1.2413e+00
 3.3100e+00  1.2487e+00
 3.3200e+00  1.2561e+00
 3.3300e+00  1.2635e+00
 3.3400e+00  1.2710e+00
 3.3500e+00  1.2784e+00
 3.3600e+00  1.2858e+00
 3.3700e+00  1.2933e+00
 3.3800e+00  1.3007e+00
 3.3900e+00  1.3082e+00
 3.4000e+00  1.3156e+00
 3.4100e+00  1.3231e+00
 3.4200e+00  1.3306e+00
 3.4300e+00  1.3380e+00
 3.4400e+00  1.3455e+00
 3.4500e+00  1.3530e+00
 3.4600e+00  1.3605e+00
 3.4700e+00  1.3680e+00
 3.4800e+00  1.3756e+00
 3.4900e+00  1.3831e+00
 3.5000e+00  1.3906e+00
 3.5100e+00  1.3981e+00
 3.5200e+00  1.4057e+00
 3.5300e+00  1.4132e+00
 3.5400e+00  1.4208e+00
 3.5500e+00  1.4284e+00
 3.5600e+00  1.4359e+00
 3.5700e+00  1.4435e+00
 3.5800e+00  1.4511e+00
 3.5900e+00  1.4587e+00
 3.6000e+00  1.4663e+00
 3.6100e+00  1.4739e+00
 3.6200e+00  1.4815e+00
 3.6300e+00  1.4892e+00
 3.6400e+00  1.4968e+00
 3.6500e+00  1.5044e+00
 3.6600e+00  1.5121e+00
 3.6700e+00  1.5197e+00
 3.6800e+00  1.5274e+00
 3.6900e+00  1.5350e+00
 3.7000e+00  1.5427e+00
 3.7100e+00  1.5504e+00
 3.7200e+00  1.5581e+00
 3.7300e+00  1.5658e+00
 3.7400e+00  1.5734e+00
 3.7500e+00  1.5812e+00
 3.7600e+00  1.5889e+00
 3.7700e+00  1.5966e+00
 3.7800e+00  1.6043e+00
 3.7900e+00  1.6120e+00
 3.8000e+00  1.6198e+00
 3.8100e+00  1.6275e+00
 3.8200e+00  1.6353e+00
 3.8300e+00  1.6430e+00
 3.8400e+00  1.6508e+00
 3.8500e+00  1.6585e+00
 3.8600e+00  1.6663e+00
 3.8700e+00  1.6741e+00
 3.8800e+00  1.6819e+00
 3.8900e+00  1.6897e+00
 3.9000e+00  1.6975e+00
 3.9100e+00  1.7053e+00
 3.9200e+00  1.7131e+00
 3.9300e+00  1.7209e+00
 3.9400e+00  1.7287e+00
 3.9500e+00  1.7366e+00
 3.9600e+00  1.7444e+00
 3.9700e+00  1.7522e+00
 3.9800e+00  1.7601e+00
 3.9900e+00  1.7680e+00
 4.0000e+00  1.7758e+00
 4.0100e+00  1.7837e+00
 4.0200e+00  1.7916e+00
 4.0300e+00  1.7994e+00
 4.0400e+00  1.8073e+00
 4.0500e+00  1.8152e+00
 4.0600e+00  1.8231e+00
 4.0700e+00  1.8310e+00
 4.0800e+00  1.8389e+00
 4.0900e+00  1.8469e+00
 4.1000e+00  1.8548e+00
 4.1100e+00  1.8627e+00
 4.1200e+00  1.8706e+00
 4.1300e+00  1.8786e+00
 4.1400e+00  1.8865e+00
 4.1500e+00  1.8945e+00
 4.1600e+00  1.9024e+00
 4.1700e+00  1.9104e+00
 4.1800e+00  1.9184e+00
 4.1900e+00  1.9264e+00
 4.2000e+00  1.9343e+00
 4.2100e+00  1.9423e+00
 4.2200e+00  1.9503e+00
 4.2300e+00  1.9583e+00
 4.2400e+00  1.9663e+00
 4.2500e+00  1.9743e+00
 4.2600e+00  1.9824e+00
 4.2700e+00  1.9904e+00
 4.2800e+00  1.9984e+00
 4.2900e+00  2.0064e+00
 4.3000e+00  2.0145e+00
 4.3100e+00  2.0225e+00
 4.3200e+00  2.0306e+00
 4.3300e+00  2.0386e+00
 4.3400e+00  2.0467e+00
 4.3500e+00  2.0548e+00
 4.3600e+00  2.0628e+00
 4.3700e+00  2.0709e+00
 4.3800e+00  2.0790e+00
 4.3900e+00  2.0871e+00
 4.4000e+00  2.0952e+00
 4.4100e+00  2.1033e+00
 4.4200e+00  2.1114e+00
 4.4300e+00  2.1195e+00
 4.4400e+00  2.1276e+00
 4.4500e+00  2.1358e+00
 4.4600e+00  2.1439e+00
 4.4700e+00  2.1520e+00
 4.4800e+00  2.1602e+00
 4.4900e+00  2.1683e+00
 4.5000e+00  2.1765e+00
 4.5100e+00  2.1846e+00
 4.5200e+00  2.1928e+00
 4.5300e+00  2.2009e+00
 4.5400e+00  2.2091e+00
 4.5500e+00  2.2173e+00
 4.5600e+00  2.2255e+00
 4.5700e+00  2.2337e+00
 4.5800e+00  2.2419e+00
 4.5900e+00  2.2501e+00
 4.6000e+00  2.2583e+00
 4.6100e+00  2.2665e+00
 4.6200e+00  2.2747e+00
 4.6300e+00  2.2829e+00
 4.6400e+00  2.2911e+00
 4.6500e+00  2.2994e+00
 4.6600e+00  2.3076e+00
 4.6700e+00  2.3158e+00
 4.6800e+00  2.3241e+00
 4.6900e+00  2.3323e+00
 4.7000e+00  2.3338e+00
 4.7100e+00  2.3421e+00
 4.7200e+00  2.3504e+00
 4.7300e+00  2.3587e+00
 4.7400e+00  2.3670e+00
 4.7500e+00  2.3754e+00
 4.7600e+00  2.3838e+00
 4.7700e+00  2.3923e+00
 4.7800e+00  2.4008e+00
 4.7900e+00  2.4093e+00
 4.8000e+00  2.4178e+00
 4.8100e+00  2.4264e+00
 4.8200e+00  2.4350e+00
 4.8300e+00  2.4436e+00
 4.8400e+00  2.4523e+00
 4.8500e+00  2.4610e+00
 4.8600e+00  2.4697e+00
 4.8700e+00  2.4785e+00
 4.8800e+00  2.4873e+00
 4.8900e+00  2.4961e+00
 4.9000e+00  2.5050e+00
 4.9100e+00  2.5139e+00
 4.9200e+00  2.5228e+00
 4.9300e+00  2.5318e+00
 4.9400e+00  2.5407e+00
 4.9500e+00  2.5498e+00
 4.9600e+00  2.5588e+00
 4.9700e+00  2.5679e+00
 4.9800e+00  2.5770e+00
 4.9900e+00  2.5862e+00
 5.0000e+00  2.5953e+00
 5.0100e+00  2.6046e+00
 5.0200e+00  2.6138e+00
 5.0300e+00  2.6231e+00
 5.0400e+00  2.6324e+00
 5.0500e+00  2.6417e+00
 5.0600e+00  2.6511e+00
 5.0700e+00  2.6605e+00
 5.0800e+00  2.6700e+00
 5.0900e+00  2.6794e+00
 5.1000e+00  2.6889e+00
 5.1100e+00  2.6985e+00
 5.1200e+00  2.7080e+00
 5.1300e+00  2.7176e+00
 5.1400e+00  2.7273e+00
 5.1500e+00  2.7370e+00
 5.1600e+00  2.7467e+00
 5.1700e+00  2.7564e+00
 5.1800e+00  2.7662e+00
 5.1900e+00  2.7760e+00
 5.2000e+00  2.7858e+00
 5.2100e+00  2.7957e+00
 5.2200e+00  2.8056e+00
 5.2300e+00  2.8155e+00
 5.2400e+00  2.8255e+00
 5.2500e+00  2.8355e+00
 5.2600e+00  2.8455e+00
 5.2700e+00  2.8556e+00
 5.2800e+00  2.8657e+00
 5.2900e+00  2.8758e+00
 5.3000e+00  2.8860e+00
 5.3100e+00  2.8962e+00
 5.3200e+00  2.9064e+00
 5.3300e+00  2.9167e+00
 5.3400e+00  2.9270e+00
 5.3500e+00  2.9373e+00
 5.3600e+00  2.9477e+00
 5.3700e+00  2.9581e+00
 5.3800e+00  2.9685e+00
 5.3900e+00  2.9790e+00
 5.4000e+00  2.9895e+00
 5.4100e+00  3.0000e+00
 5.4200e+00  3.0106e+00
 5.4300e+00  3.0212e+00
 5.4400e+00  3.0318e+00
 5.4500e+00  3.0425e+00
 5.4600e+00  3.0532e+00
 5.4700e+00  3.0639e+00
 5.4800e+00  3.0747e+00
 5.4900e+00  3.0855e+00
 5.5000e+00  3.0963e+00
 5.5100e+00  3.1072e+00
 5.5200e+00  3.1181e+00
 5.5300e+00  3.1290e+00
 5.5400e+00  3.1400e+00
 5.5500e+00  3.1510e+00
 5.5600e+00  3.1621e+00
 5.5700e+00  3.1731e+00
 5.5800e+00  3.1843e+00
 5.5900e+00  3.1954e+00
 5.6000e+00  3.2066e+00
 5.6100e+00  3.2178e+00
 5.6200e+00  3.2290e+00
 5.6300e+00  3.2403e+00
 5.6400e+00  3.2516e+00
 5.6500e+00  3.2630e+00
 5.6600e+00  3.2744e+00
 5.6700e+00  3.2858e+00
 5.6800e+00  3.2973e+00
 5.6900e+00  3.3087e+00
 5.7000e+00  3.3203e+00
 5.7100e+00  3.3318e+00
 5.7200e+00  3.3434e+00
 5.7300e+00  3.3550e+00
 5.7400e+00  3.3667e+00
 5.7500e+00  3.3784e+00
 5.7600e+00  3.3901e+00
 5.7700e+00  3.4019e+00
 5.7800e+00  3.4137e+00
 5.7900e+00  3.4255e+00
 5.8000e+00  3.4374e+00
 5.8100e+00  3.4493e+00
 5.8200e+00  3.4612e+00
 5.8300e+00  3.4732e+00
 5.8400e+00  3.4852e+00
 5.8500e+00  3.4973e+00
 5.8600e+00  3.5093e+00
 5.8700e+00  3.5215e+00
 5.8800e+00  3.5336e+00
 5.8900e+00  3.5458e+00
 5.9000e+00  3.5580e+00
 5.9100e+00  3.5703e+00
 5.9200e+00  3.5825e+00
 5.9300e+00  3.5949e+00
 5.9400e+00  3.6072e+00
 5.9500e+00  3.6196e+00
 5.9600e+00  3.6320e+00
 5.9700e+00  3.6445e+00
 5.9800e+00  3.6570e+00
 5.9900e+00  3.6695e+00
 6.0000e+00  3.6821e+00
 6.0100e+00  3.6947e+00
 6.0200e+00  3.7074e+00
 6.0300e+00  3.7200e+00
 6.0400e+00  3.7327e+00
 6.0500e+00  3.7455e+00
 6.0600e+00  3.7583e+00
 6.0700e+00  3.7711e+00
 6.0800e+00  3.7839e+00
 6.0900e+00  3.7968e+00
 6.1000e+00  3.8097e+00
 6.1100e+00  3.8227e+00
 6.1200e+00  3.8357e+00
 6.1300e+00  3.8487e+00
 6.1400e+00  3.8618e+00
 6.1500e+00  3.8749e+00
 6.1600e+00  3.8880e+00
 6.1700e+00  3.9012e+00
 6.1800e+00  3.9144e+00
 6.1900e+00  3.9276e+00
 6.2000e+00  3.9409e+00
 6.2100e+00  3.9542e+00
 6.2200e+00  3.9676e+00
 6.2300e+00  3.9809e+00
 6.2400e+00  3.9944e+00
 6.2500e+00  4.0078e+00
 6.2600e+00  4.0213e+00
 6.2700e+00  4.0348e+00
 6.2800e+00  4.0484e+00
 6.2900e+00  4.0620e+00
 6.3000e+00  4.0756e+00
 6.3100e+00  4.0893e+00
 6.3200e+00  4.1030e+00
 6.3300e+00  4.1167e+00
 6.3400e+00  4.1305e+00
 6.3500e+00  4.1443e+00
 6.3600e+00  4.1582e+00
 6.3700e+00  4.1721e+00
 6.3800e+00  4.1860e+00
 6.3900e+00  4.1999e+00
 6.4000e+00  4.2139e+00
 6.4100e+00  4.2280e+00
 6.4200e+00  4.2420e+00
 6.4300e+00  4.2561e+00
 6.4400e+00  4.2703e+00
 6.4500e+00  4.2844e+00
 6.4600e+00  4.2986e+00
 6.4700e+00  4.3129e+00
 6.4800e+00  4.3272e+00
 6.4900e+00  4.3415e+00
 6.5000e+00  4.3558e+00
 6.5100e+00  4.3702e+00
 6.5200e+00  4.3846e+00
 6.5300e+00  4.3991e+00
 6.5400e+00  4.4136e+00
 6.5500e+00  4.4281e+00
 6.5600e+00  4.4427e+00
 6.5700e+00  4.4573e+00
 6.5800e+00  4.4719e+00
 6.5900e+00  4.4866e+00
 6.6000e+00  4.5013e+00
 6.6100e+00  4.5161e+00
 6.6200e+00  4.5309e+00
 6.6300e+00  4.5457e+00
 6.6400e+00  4.5606e+00
 6.6500e+00  4.5755e+00
 6.6600e+00  4.5904e+00
 6.6700e+00  4.6054e+00
 6.6800e+00  4.6204e+00
 6.6900e+00  4.6354e+00
 6.7000e+00  4.6505e+00
 6.7100e+00  4.6656e+00
 6.7200e+00  4.6808e+00
 6.7300e+00  4.6959e+00
 6.7400e+00  4.7112e+00
 6.7500e+00  4.7264e+00
 6.7600e+00  4.7417e+00
 6.7700e+00  4.7571e+00
 6.7800e+00  4.7724e+00
 6.7900e+00  4.7878e+00
 6.8000e+00  4.8033e+00
 6.8100e+00  4.8188e+00
 6.8200e+00  4.8343e+00
 6.8300e+00  4.8498e+00
 6.8400e+00  4.8654e+00
 6.8500e+00  4.8811e+00
 6.8600e+00  4.8967e+00
 6.8700e+00  4.9124e+00
 6.8800e+00  4.9282e+00
 6.8900e+00  4.9439e+00
 6.9000e+00  4.9598e+00
 6.9100e+00  4.9756e+00
 6.9200e+00  4.9915e+00
 6.9300e+00  5.0074e+00
 6.9400e+00  5.0234e+00
 6.9500e+00  5.0394e+00
 6.9600e+00  5.0554e+00
 6.9700e+00  5.0715e+00
 6.9800e+00  5.0876e+00
 6.9900e+00  5.1037e+00
 7.0000e+00  5.1199e+00
 7.0100e+00  5.1361e+00
 7.0200e+00  5.1524e+00
 7.0300e+00  5.1687e+00
 7.0400e+00  5.1850e+00
 7.0500e+00  5.2014e+00
 7.0600e+00  5.2178e+00
 7.0700e+00  5.2342e+00
 7.0800e+00  5.2507e+00
 7.0900e+00  5.2672e+00
 7.1000e+00  5.2838e+00
 7.1100e+00  5.3004e+00
 7.1200e+00  5.3170e+00
 7.1300e+00  5.3336e+00
 7.1400e+00  5.3503e+00
 7.1500e+00  5.3671e+00
 7.1600e+00  5.3839e+00
 7.1700e+00  5.4007e+00
 7.1800e+00  5.4175e+00
 7.1900e+00  5.4344e+00
 7.2000e+00  5.4513e+00
 7.2100e+00  5.4683e+00
 7.2200e+00  5.4853e+00
 7.2300e+00  5.5023e+00
 7.2400e+00  5.5194e+00
 7.2500e+00  5.5365e+00
 7.2600e+00  5.5537e+00
 7.2700e+00  5.5709e+00
 7.2800e+00  5.5881e+00
 7.2900e+00  5.6054e+00
 7.3000e+00  5.6227e+00
 7.3100e+00  5.6400e+00
 7.3200e+00  5.6574e+00
 7.3300e+00  5.6748e+00
 7.3400e+00  5.6922e+00
 7.3500e+00  5.7097e+00
 7.3600e+00  5.7273e+00
 7.3700e+00  5.7448e+00
 7.3800e+00  5.7624e+00
 7.3900e+00  5.7801e+00
 7.4000e+00  5.7977e+00
 7.4100e+00  5.8155e+00
 7.4200e+00  5.8332e+00
 7.4300e+00  5.8510e+00
 7.4400e+00  5.8688e+00
 7.4500e+00  5.8867e+00
 7.4600e+00  5.9046e+00
 7.4700e+00  5.9226e+00
 7.4800e+00  5.9405e+00
 7.4900e+00  5.9586e+00
 7.5000e+00  5.9766e+00
 7.5100e+00  5.9947e+00
 7.5200e+00  6.0128e+00
 7.5300e+00  6.0310e+00
 7.5400e+00  6.0492e+00
 7.5500e+00  6.0675e+00
 7.5600e+00  6.0858e+00
 7.5700e+00  6.1041e+00
 7.5800e+00  6.1224e+00
 7.5900e+00  6.1408e+00
 7.6000e+00  6.1593e+00
 7.6100e+00  6.1778e+00
 7.6200e+00  6.1963e+00
 7.6300e+00  6.2148e+00
 7.6400e+00  6.2334e+00
 7.6500e+00  6.2521e+00
 7.6600e+00  6.2707e+00
 7.6700e+00  6.2894e+00
 7.6800e+00  6.3082e+00
 7.6900e+00  6.3270e+00
 7.7000e+00  6.3458e+00
 7.7100e+00  6.3646e+00
 7.7200e+00  6.3835e+00
 7.7300e+00  6.4025e+00
 7.7400e+00  6.4215e+00
 7.7500e+00  6.4405e+00
 7.7600e+00  6.4595e+00
 7.7700e+00  6.4786e+00
 7.7800e+00  6.4978e+00
 7.7900e+00  6.5169e+00
 7.8000e+00  6.5361e+00
 7.8100e+00  6.5554e+00
 7.8200e+00  6.5747e+00
 7.8300e+00  6.5940e+00
 7.8400e+00  6.6134e+00
 7.8500e+00  6.6328e+00
 7.8600e+00  6.6522e+00
 7.8700e+00  6.6717e+00
 7.8800e+00  6.6912e+00
 7.8900e+00  6.7108e+00
 7.9000e+00  6.7304e+00
 7.9100e+00  6.7500e+00
 7.9200e+00  6.7697e+00
 7.9300e+00  6.7894e+00
 7.9400e+00  6.8091e+00
 7.9500e+00  6.8289e+00
 7.9600e+00  6.8488e+00
 7.9700e+00  6.8686e+00
 7.9800e+00  6.8886e+00
 7.9900e+00  6.9085e+00
 8.0000e+00  6.9285e+00
 8.0100e+00  6.9485e+00
 8.0200e+00  6.9686e+00
 8.0300e+00  6.9887e+00
 8.0400e+00  7.0088e+00
 8.0500e+00  7.0290e+00
 8.0600e+00  7.0492e+00
 8.0700e+00  7.0695e+00
 8.0800e+00  7.0898e+00
 8.0900e+00  7.1102e+00
 8.1000e+00  7.1305e+00
 8.1100e+00  7.1510e+00
 8.1200e+00  7.1714e+00
 8.1300e+00  7.1919e+00
 8.1400e+00  7.2125e+00
 8.1500e+00  7.2331e+00
 8.1600e+00  7.2537e+00
 8.1700e+00  7.2743e+00
 8.1800e+00  7.2950e+00
 8.1900e+00  7.3158e+00
 8.2000e+00  7.3366e+00
 8.2100e+00  7.3574e+00
 8.2200e+00  7.3782e+00
 8.2300e+00  7.3991e+00
 8.2400e+00  7.4201e+00
 8.2500e+00  7.4410e+00
 8.2600e+00  7.4621e+00
 8.2700e+00  7.4831e+00
 8.2800e+00  7.5042e+00
 8.2900e+00  7.5254e+00
 8.3000e+00  7.5465e+00
 8.3100e+00  7.5678e+00
 8.3200e+00  7.5890e+00
 8.3300e+00  7.6103e+00
 8.3400e+00  7.6317e+00
 8.3500e+00  7.6530e+00
 8.3600e+00  7.6745e+00
 8.3700e+00  7.6959e+00
 8.3800e+00  7.7174e+00
 8.3900e+00  7.7390e+00
 8.4000e+00  7.7605e+00
 8.4100e+00  7.7822e+00
 8.4200e+00  7.8038e+00
 8.4300e+00  7.8255e+00
 8.4400e+00  7.8473e+00
 8.4500e+00  7.8691e+00
 8.4600e+00  7.8909e+00
 8.4700e+00  7.9127e+00
 8.4800e+00  7.9346e+00
 8.4900e+00  7.9566e+00
 8.5000e+00  7.9786e+00
 8.5100e+00  8.0006e+00
 8.5200e+00  8.0227e+00
 8.5300e+00  8.0448e+00
 8.5400e+00  8.0669e+00
 8.5500e+00  8.0891e+00
 8.5600e+00  8.1114e+00
 8.5700e+00  8.1336e+00
 8.5800e+00  8.1559e+00
 8.5900e+00  8.1783e+00
 8.6000e+00  8.2007e+00
 8.6100e+00  8.2231e+00
 8.6200e+00  8.2456e+00
 8.6300e+00  8.2681e+00
 8.6400e+00  8.2907e+00
 8.6500e+00  8.3133e+00
 8.6600e+00  8.3359e+00
 8.6700e+00  8.3586e+00
 8.6800e+00  8.3813e+00
 8.6900e+00  8.4041e+00
 8.7000e+00  8.4269e+00
 8.7100e+00  8.4498e+00
 8.7200e+00  8.4726e+00
 8.7300e+00  8.4956e+00
 8.7400e+00  8.5185e+00
 8.7500e+00  8.5416e+00
 8.7600e+00  8.5646e+00
 8.7700e+00  8.5877e+00
 8.7800e+00  8.6109e+00
 8.7900e+00  8.6340e+00
 8.8000e+00  8.6573e+00
 8.8100e+00  8.6805e+00
 8.8200e+00  8.7038e+00
 8.8300e+00  8.7272e+00
 8.8400e+00  8.7506e+00
 8.8500e+00  8.7740e+00
 8.8600e+00  8.7975e+00
 8.8700e+00  8.8210e+00
 8.8800e+00  8.8445e+00
 8.8900e+00  8.8681e+00
 8.9000e+00  8.8918e+00
 8.9100e+00  8.9154e+00
 8.9200e+00  8.9392e+00
 8.9300e+00  8.9629e+00
 8.9400e+00  8.9867e+00
 8.9500e+00  9.0106e+00
 8.9600e+00  9.0345e+00
 8.9700e+00  9.0584e+00
 8.9800e+00  9.0824e+00
 8.9900e+00  9.1064e+00
 9.0000e+00  9.1305e+00
 9.0100e+00  9.1546e+00
 9.0200e+00  9.1787e+00
 9.0300e+00  9.2029e+00
 9.0400e+00  9.2271e+00
 9.0500e+00  9.2514e+00
 9.0600e+00  9.2757e+00
 9.0700e+00  9.3001e+00
 9.0800e+00  9.3245e+00
 9.0900e+00  9.3489e+00
 9.1000e+00  9.3734e+00
 9.1100e+00  9.3979e+00
 9.1200e+00  9.4225e+00
 9.1300e+00  9.4471e+00
 9.1400e+00  9.4718e+00
 9.1500e+00  9.4965e+00
 9.1600e+00  9.5212e+00
 9.1700e+00  9.5460e+00
 9.1800e+00  9.5708e+00
 9.1900e+00  9.5957e+00
 9.2000e+00  9.6206e+00
 9.2100e+00  9.6456e+00
 9.2200e+00  9.6706e+00
 9.2300e+00  9.6956e+00
 9.2400e+00  9.7207e+00
 9.2500e+00  9.7458e+00
 9.2600e+00  9.7710e+00
 9.2700e+00  9.7962e+00
 9.2800e+00  9.8215e+00
 9.2900e+00  9.8468e+00
 9.3000e+00  9.8721e+00
 9.3100e+00  9.8975e+00
 9.3200e+00  9.9229e+00
 9.3300e+00  9.9484e+00
 9.3400e+00  9.9739e+00
 9.3500e+00  9.9995e+00
 9.3600e+00  1.0025e+01
 9.3700e+00  1.0051e+01
 9.3800e+00  1.0076e+01
 9.3900e+00  1.0102e+01
 9.4000e+00  1.0128e+01
 9.4100e+00  1.0154e+01
 9.4200e+00  1.0180e+01
 9.4300e+00  1.0206e+01
 9.4400e+00  1.0232e+01
 9.4500e+00  1.0258e+01
 9.4600e+00  1.0284e+01
 9.4700e+00  1.0310e+01
 9.4800e+00  1.0336e+01
 9.4900e+00  1.0362e+01
 9.5000e+00  1.0388e+01
 9.5100e+00  1.0414e+01
 9.5200e+00  1.0441e+01
 9.5300e+00  1.0467e+01
 9.5400e+00  1.0493e+01
 9.5500e+00  1.0520e+01
 9.5600e+00  1.0546e+01
 9.5700e+00  1.0573e+01
 9.5800e+00  1.0599e+01
 9.5900e+00  1.0626e+01
 9.6000e+00  1.0653e+01
 9.6100e+00  1.0679e+01
 9.6200e+00  1.0706e+01
 9.6300e+00  1.0733e+01
 9.6400e+00  1.0760e+01
 9.6500e+00  1.0787e+01
 9.6600e+00  1.0814e+01
 9.6700e+00  1.0841e+01
 9.6800e+00  1.0868e+01
 9.6900e+00  1.0895e+01
 9.7000e+00  1.0922e+01
 9.7100e+00  1.0949e+01
 9.7200e+00  1.0976e+01
 9.7300e+00  1.1003e+01
 9.7400e+00  1.1031e+01
 9.7500e+00  1.1058e+01
 9.7600e+00  1.1085e+01
 9.7700e+00  1.1113e+01
 9.7800e+00  1.1140e+01
 9.7900e+00  1.1168e+01
 9.8000e+00  1.1195e+01
 9.8100e+00  1.1223e+01
 9.8200e+00  1.1251e+01
 9.8300e+00  1.1278e+01
 9.8400e+00  1.1306e+01
 9.8500e+00  1.1334e+01
 9.8600e+00  1.1362e+01
 9.8700e+00  1.1389e+01
 9.8800e+00  1.1417e+01
 9.8900e+00  1.1445e+01
 9.9000e+00  1.1473e+01
 9.9100e+00  1.1501e+01
 9.9200e+00  1.1529e+01
 9.9300e+00  1.1558e+01
 9.9400e+00  1.1586e+01
 9.9500e+00  1.1614e+01
 9.9600e+00  1.1642e+01
 9.9700e+00  1.1671e+01
 9.9800e+00  1.1699e+01
 9.9900e+00  1.1727e+01
 1.0000e+01  1.1756e+01
