# IGM Attenuation computed from Analytical model proposed by Inoue+14
# Computed for filter VISTA_z as function of the redshift
# z | attenuation [Mag]
 0.0000e+00 -0.0000e+00
 1.0000e-02 -0.0000e+00
 2.0000e-02 -0.0000e+00
 3.0000e-02 -0.0000e+00
 4.0000e-02 -0.0000e+00
 5.0000e-02 -0.0000e+00
 6.0000e-02 -0.0000e+00
 7.0000e-02 -0.0000e+00
 8.0000e-02 -0.0000e+00
 9.0000e-02 -0.0000e+00
 1.0000e-01 -0.0000e+00
 1.1000e-01 -0.0000e+00
 1.2000e-01 -0.0000e+00
 1.3000e-01 -0.0000e+00
 1.4000e-01 -0.0000e+00
 1.5000e-01 -0.0000e+00
 1.6000e-01 -0.0000e+00
 1.7000e-01 -0.0000e+00
 1.8000e-01 -0.0000e+00
 1.9000e-01 -0.0000e+00
 2.0000e-01 -0.0000e+00
 2.1000e-01 -0.0000e+00
 2.2000e-01 -0.0000e+00
 2.3000e-01 -0.0000e+00
 2.4000e-01 -0.0000e+00
 2.5000e-01 -0.0000e+00
 2.6000e-01 -0.0000e+00
 2.7000e-01 -0.0000e+00
 2.8000e-01 -0.0000e+00
 2.9000e-01 -0.0000e+00
 3.0000e-01 -0.0000e+00
 3.1000e-01 -0.0000e+00
 3.2000e-01 -0.0000e+00
 3.3000e-01 -0.0000e+00
 3.4000e-01 -0.0000e+00
 3.5000e-01 -0.0000e+00
 3.6000e-01 -0.0000e+00
 3.7000e-01 -0.0000e+00
 3.8000e-01 -0.0000e+00
 3.9000e-01 -0.0000e+00
 4.0000e-01 -0.0000e+00
 4.1000e-01 -0.0000e+00
 4.2000e-01 -0.0000e+00
 4.3000e-01 -0.0000e+00
 4.4000e-01 -0.0000e+00
 4.5000e-01 -0.0000e+00
 4.6000e-01 -0.0000e+00
 4.7000e-01 -0.0000e+00
 4.8000e-01 -0.0000e+00
 4.9000e-01 -0.0000e+00
 5.0000e-01 -0.0000e+00
 5.1000e-01 -0.0000e+00
 5.2000e-01 -0.0000e+00
 5.3000e-01 -0.0000e+00
 5.4000e-01 -0.0000e+00
 5.5000e-01 -0.0000e+00
 5.6000e-01 -0.0000e+00
 5.7000e-01 -0.0000e+00
 5.8000e-01 -0.0000e+00
 5.9000e-01 -0.0000e+00
 6.0000e-01 -0.0000e+00
 6.1000e-01 -0.0000e+00
 6.2000e-01 -0.0000e+00
 6.3000e-01 -0.0000e+00
 6.4000e-01 -0.0000e+00
 6.5000e-01 -0.0000e+00
 6.6000e-01 -0.0000e+00
 6.7000e-01 -0.0000e+00
 6.8000e-01 -0.0000e+00
 6.9000e-01 -0.0000e+00
 7.0000e-01 -0.0000e+00
 7.1000e-01 -0.0000e+00
 7.2000e-01 -0.0000e+00
 7.3000e-01 -0.0000e+00
 7.4000e-01 -0.0000e+00
 7.5000e-01 -0.0000e+00
 7.6000e-01 -0.0000e+00
 7.7000e-01 -0.0000e+00
 7.8000e-01 -0.0000e+00
 7.9000e-01 -0.0000e+00
 8.0000e-01 -0.0000e+00
 8.1000e-01 -0.0000e+00
 8.2000e-01 -0.0000e+00
 8.3000e-01 -0.0000e+00
 8.4000e-01 -0.0000e+00
 8.5000e-01 -0.0000e+00
 8.6000e-01 -0.0000e+00
 8.7000e-01 -0.0000e+00
 8.8000e-01 -0.0000e+00
 8.9000e-01 -0.0000e+00
 9.0000e-01 -0.0000e+00
 9.1000e-01 -0.0000e+00
 9.2000e-01 -0.0000e+00
 9.3000e-01 -0.0000e+00
 9.4000e-01 -0.0000e+00
 9.5000e-01 -0.0000e+00
 9.6000e-01 -0.0000e+00
 9.7000e-01 -0.0000e+00
 9.8000e-01 -0.0000e+00
 9.9000e-01 -0.0000e+00
 1.0000e+00 -0.0000e+00
 1.0100e+00 -0.0000e+00
 1.0200e+00 -0.0000e+00
 1.0300e+00 -0.0000e+00
 1.0400e+00 -0.0000e+00
 1.0500e+00 -0.0000e+00
 1.0600e+00 -0.0000e+00
 1.0700e+00 -0.0000e+00
 1.0800e+00 -0.0000e+00
 1.0900e+00 -0.0000e+00
 1.1000e+00 -0.0000e+00
 1.1100e+00 -0.0000e+00
 1.1200e+00 -0.0000e+00
 1.1300e+00 -0.0000e+00
 1.1400e+00 -0.0000e+00
 1.1500e+00 -0.0000e+00
 1.1600e+00 -0.0000e+00
 1.1700e+00 -0.0000e+00
 1.1800e+00 -0.0000e+00
 1.1900e+00 -0.0000e+00
 1.2000e+00 -0.0000e+00
 1.2100e+00 -0.0000e+00
 1.2200e+00 -0.0000e+00
 1.2300e+00 -0.0000e+00
 1.2400e+00 -0.0000e+00
 1.2500e+00 -0.0000e+00
 1.2600e+00 -0.0000e+00
 1.2700e+00 -0.0000e+00
 1.2800e+00 -0.0000e+00
 1.2900e+00 -0.0000e+00
 1.3000e+00 -0.0000e+00
 1.3100e+00 -0.0000e+00
 1.3200e+00 -0.0000e+00
 1.3300e+00 -0.0000e+00
 1.3400e+00 -0.0000e+00
 1.3500e+00 -0.0000e+00
 1.3600e+00 -0.0000e+00
 1.3700e+00 -0.0000e+00
 1.3800e+00 -0.0000e+00
 1.3900e+00 -0.0000e+00
 1.4000e+00 -0.0000e+00
 1.4100e+00 -0.0000e+00
 1.4200e+00 -0.0000e+00
 1.4300e+00 -0.0000e+00
 1.4400e+00 -0.0000e+00
 1.4500e+00 -0.0000e+00
 1.4600e+00 -0.0000e+00
 1.4700e+00 -0.0000e+00
 1.4800e+00 -0.0000e+00
 1.4900e+00 -0.0000e+00
 1.5000e+00 -0.0000e+00
 1.5100e+00 -0.0000e+00
 1.5200e+00 -0.0000e+00
 1.5300e+00 -0.0000e+00
 1.5400e+00 -0.0000e+00
 1.5500e+00 -0.0000e+00
 1.5600e+00 -0.0000e+00
 1.5700e+00 -0.0000e+00
 1.5800e+00 -0.0000e+00
 1.5900e+00 -0.0000e+00
 1.6000e+00 -0.0000e+00
 1.6100e+00 -0.0000e+00
 1.6200e+00 -0.0000e+00
 1.6300e+00 -0.0000e+00
 1.6400e+00 -0.0000e+00
 1.6500e+00 -0.0000e+00
 1.6600e+00 -0.0000e+00
 1.6700e+00 -0.0000e+00
 1.6800e+00 -0.0000e+00
 1.6900e+00 -0.0000e+00
 1.7000e+00 -0.0000e+00
 1.7100e+00 -0.0000e+00
 1.7200e+00 -0.0000e+00
 1.7300e+00 -0.0000e+00
 1.7400e+00 -0.0000e+00
 1.7500e+00 -0.0000e+00
 1.7600e+00 -0.0000e+00
 1.7700e+00 -0.0000e+00
 1.7800e+00 -0.0000e+00
 1.7900e+00 -0.0000e+00
 1.8000e+00 -0.0000e+00
 1.8100e+00 -0.0000e+00
 1.8200e+00 -0.0000e+00
 1.8300e+00 -0.0000e+00
 1.8400e+00 -0.0000e+00
 1.8500e+00 -0.0000e+00
 1.8600e+00 -0.0000e+00
 1.8700e+00 -0.0000e+00
 1.8800e+00 -0.0000e+00
 1.8900e+00 -0.0000e+00
 1.9000e+00 -0.0000e+00
 1.9100e+00 -0.0000e+00
 1.9200e+00 -0.0000e+00
 1.9300e+00 -0.0000e+00
 1.9400e+00 -0.0000e+00
 1.9500e+00 -0.0000e+00
 1.9600e+00 -0.0000e+00
 1.9700e+00 -0.0000e+00
 1.9800e+00 -0.0000e+00
 1.9900e+00 -0.0000e+00
 2.0000e+00 -0.0000e+00
 2.0100e+00 -0.0000e+00
 2.0200e+00 -0.0000e+00
 2.0300e+00 -0.0000e+00
 2.0400e+00 -0.0000e+00
 2.0500e+00 -0.0000e+00
 2.0600e+00 -0.0000e+00
 2.0700e+00 -0.0000e+00
 2.0800e+00 -0.0000e+00
 2.0900e+00 -0.0000e+00
 2.1000e+00 -0.0000e+00
 2.1100e+00 -0.0000e+00
 2.1200e+00 -0.0000e+00
 2.1300e+00 -0.0000e+00
 2.1400e+00 -0.0000e+00
 2.1500e+00 -0.0000e+00
 2.1600e+00 -0.0000e+00
 2.1700e+00 -0.0000e+00
 2.1800e+00 -0.0000e+00
 2.1900e+00 -0.0000e+00
 2.2000e+00 -0.0000e+00
 2.2100e+00 -0.0000e+00
 2.2200e+00 -0.0000e+00
 2.2300e+00 -0.0000e+00
 2.2400e+00 -0.0000e+00
 2.2500e+00 -0.0000e+00
 2.2600e+00 -0.0000e+00
 2.2700e+00 -0.0000e+00
 2.2800e+00 -0.0000e+00
 2.2900e+00 -0.0000e+00
 2.3000e+00 -0.0000e+00
 2.3100e+00 -0.0000e+00
 2.3200e+00 -0.0000e+00
 2.3300e+00 -0.0000e+00
 2.3400e+00 -0.0000e+00
 2.3500e+00 -0.0000e+00
 2.3600e+00 -0.0000e+00
 2.3700e+00 -0.0000e+00
 2.3800e+00 -0.0000e+00
 2.3900e+00 -0.0000e+00
 2.4000e+00 -0.0000e+00
 2.4100e+00 -0.0000e+00
 2.4200e+00 -0.0000e+00
 2.4300e+00 -0.0000e+00
 2.4400e+00 -0.0000e+00
 2.4500e+00 -0.0000e+00
 2.4600e+00 -0.0000e+00
 2.4700e+00 -0.0000e+00
 2.4800e+00 -0.0000e+00
 2.4900e+00 -0.0000e+00
 2.5000e+00 -0.0000e+00
 2.5100e+00 -0.0000e+00
 2.5200e+00 -0.0000e+00
 2.5300e+00 -0.0000e+00
 2.5400e+00 -0.0000e+00
 2.5500e+00 -0.0000e+00
 2.5600e+00 -0.0000e+00
 2.5700e+00 -0.0000e+00
 2.5800e+00 -0.0000e+00
 2.5900e+00 -0.0000e+00
 2.6000e+00 -0.0000e+00
 2.6100e+00 -0.0000e+00
 2.6200e+00 -0.0000e+00
 2.6300e+00 -0.0000e+00
 2.6400e+00 -0.0000e+00
 2.6500e+00 -0.0000e+00
 2.6600e+00 -0.0000e+00
 2.6700e+00 -0.0000e+00
 2.6800e+00 -0.0000e+00
 2.6900e+00 -0.0000e+00
 2.7000e+00 -0.0000e+00
 2.7100e+00 -0.0000e+00
 2.7200e+00 -0.0000e+00
 2.7300e+00 -0.0000e+00
 2.7400e+00 -0.0000e+00
 2.7500e+00 -0.0000e+00
 2.7600e+00 -0.0000e+00
 2.7700e+00 -0.0000e+00
 2.7800e+00 -0.0000e+00
 2.7900e+00 -0.0000e+00
 2.8000e+00 -0.0000e+00
 2.8100e+00 -0.0000e+00
 2.8200e+00 -0.0000e+00
 2.8300e+00 -0.0000e+00
 2.8400e+00 -0.0000e+00
 2.8500e+00 -0.0000e+00
 2.8600e+00 -0.0000e+00
 2.8700e+00 -0.0000e+00
 2.8800e+00 -0.0000e+00
 2.8900e+00 -0.0000e+00
 2.9000e+00 -0.0000e+00
 2.9100e+00 -0.0000e+00
 2.9200e+00 -0.0000e+00
 2.9300e+00 -0.0000e+00
 2.9400e+00 -0.0000e+00
 2.9500e+00 -0.0000e+00
 2.9600e+00 -0.0000e+00
 2.9700e+00 -0.0000e+00
 2.9800e+00 -0.0000e+00
 2.9900e+00 -0.0000e+00
 3.0000e+00 -0.0000e+00
 3.0100e+00 -0.0000e+00
 3.0200e+00 -0.0000e+00
 3.0300e+00 -0.0000e+00
 3.0400e+00 -0.0000e+00
 3.0500e+00 -0.0000e+00
 3.0600e+00 -0.0000e+00
 3.0700e+00 -0.0000e+00
 3.0800e+00 -0.0000e+00
 3.0900e+00 -0.0000e+00
 3.1000e+00 -0.0000e+00
 3.1100e+00 -0.0000e+00
 3.1200e+00 -0.0000e+00
 3.1300e+00 -0.0000e+00
 3.1400e+00 -0.0000e+00
 3.1500e+00 -0.0000e+00
 3.1600e+00 -0.0000e+00
 3.1700e+00 -0.0000e+00
 3.1800e+00 -0.0000e+00
 3.1900e+00 -0.0000e+00
 3.2000e+00 -0.0000e+00
 3.2100e+00 -0.0000e+00
 3.2200e+00 -0.0000e+00
 3.2300e+00 -0.0000e+00
 3.2400e+00 -0.0000e+00
 3.2500e+00 -0.0000e+00
 3.2600e+00 -0.0000e+00
 3.2700e+00 -0.0000e+00
 3.2800e+00 -0.0000e+00
 3.2900e+00 -0.0000e+00
 3.3000e+00 -0.0000e+00
 3.3100e+00 -0.0000e+00
 3.3200e+00 -0.0000e+00
 3.3300e+00 -0.0000e+00
 3.3400e+00 -0.0000e+00
 3.3500e+00 -0.0000e+00
 3.3600e+00 -0.0000e+00
 3.3700e+00 -0.0000e+00
 3.3800e+00 -0.0000e+00
 3.3900e+00 -0.0000e+00
 3.4000e+00 -0.0000e+00
 3.4100e+00 -0.0000e+00
 3.4200e+00 -0.0000e+00
 3.4300e+00 -0.0000e+00
 3.4400e+00 -0.0000e+00
 3.4500e+00 -0.0000e+00
 3.4600e+00 -0.0000e+00
 3.4700e+00 -0.0000e+00
 3.4800e+00 -0.0000e+00
 3.4900e+00 -0.0000e+00
 3.5000e+00 -0.0000e+00
 3.5100e+00 -0.0000e+00
 3.5200e+00 -0.0000e+00
 3.5300e+00 -0.0000e+00
 3.5400e+00 -0.0000e+00
 3.5500e+00 -0.0000e+00
 3.5600e+00 -0.0000e+00
 3.5700e+00 -0.0000e+00
 3.5800e+00 -0.0000e+00
 3.5900e+00 -0.0000e+00
 3.6000e+00 -0.0000e+00
 3.6100e+00 -0.0000e+00
 3.6200e+00 -0.0000e+00
 3.6300e+00 -0.0000e+00
 3.6400e+00 -0.0000e+00
 3.6500e+00 -0.0000e+00
 3.6600e+00 -0.0000e+00
 3.6700e+00 -0.0000e+00
 3.6800e+00 -0.0000e+00
 3.6900e+00 -0.0000e+00
 3.7000e+00 -0.0000e+00
 3.7100e+00 -0.0000e+00
 3.7200e+00 -0.0000e+00
 3.7300e+00 -0.0000e+00
 3.7400e+00 -0.0000e+00
 3.7500e+00 -0.0000e+00
 3.7600e+00 -0.0000e+00
 3.7700e+00 -0.0000e+00
 3.7800e+00 -0.0000e+00
 3.7900e+00 -0.0000e+00
 3.8000e+00 -0.0000e+00
 3.8100e+00 -0.0000e+00
 3.8200e+00 -0.0000e+00
 3.8300e+00 -0.0000e+00
 3.8400e+00 -0.0000e+00
 3.8500e+00 -0.0000e+00
 3.8600e+00 -0.0000e+00
 3.8700e+00 -0.0000e+00
 3.8800e+00 -0.0000e+00
 3.8900e+00 -0.0000e+00
 3.9000e+00 -0.0000e+00
 3.9100e+00 -0.0000e+00
 3.9200e+00 -0.0000e+00
 3.9300e+00 -0.0000e+00
 3.9400e+00 -0.0000e+00
 3.9500e+00 -0.0000e+00
 3.9600e+00 -0.0000e+00
 3.9700e+00 -0.0000e+00
 3.9800e+00 -0.0000e+00
 3.9900e+00 -0.0000e+00
 4.0000e+00 -0.0000e+00
 4.0100e+00 -0.0000e+00
 4.0200e+00 -0.0000e+00
 4.0300e+00 -0.0000e+00
 4.0400e+00 -0.0000e+00
 4.0500e+00 -0.0000e+00
 4.0600e+00 -0.0000e+00
 4.0700e+00 -0.0000e+00
 4.0800e+00 -0.0000e+00
 4.0900e+00 -0.0000e+00
 4.1000e+00 -0.0000e+00
 4.1100e+00 -0.0000e+00
 4.1200e+00 -0.0000e+00
 4.1300e+00 -0.0000e+00
 4.1400e+00 -0.0000e+00
 4.1500e+00 -0.0000e+00
 4.1600e+00 -0.0000e+00
 4.1700e+00 -0.0000e+00
 4.1800e+00 -0.0000e+00
 4.1900e+00 -0.0000e+00
 4.2000e+00 -0.0000e+00
 4.2100e+00 -0.0000e+00
 4.2200e+00 -0.0000e+00
 4.2300e+00 -0.0000e+00
 4.2400e+00 -0.0000e+00
 4.2500e+00 -0.0000e+00
 4.2600e+00 -0.0000e+00
 4.2700e+00 -0.0000e+00
 4.2800e+00 -0.0000e+00
 4.2900e+00 -0.0000e+00
 4.3000e+00 -0.0000e+00
 4.3100e+00 -0.0000e+00
 4.3200e+00 -0.0000e+00
 4.3300e+00 -0.0000e+00
 4.3400e+00 -0.0000e+00
 4.3500e+00 -0.0000e+00
 4.3600e+00 -0.0000e+00
 4.3700e+00 -0.0000e+00
 4.3800e+00 -0.0000e+00
 4.3900e+00 -0.0000e+00
 4.4000e+00 -0.0000e+00
 4.4100e+00 -0.0000e+00
 4.4200e+00 -0.0000e+00
 4.4300e+00 -0.0000e+00
 4.4400e+00 -0.0000e+00
 4.4500e+00 -0.0000e+00
 4.4600e+00 -0.0000e+00
 4.4700e+00 -0.0000e+00
 4.4800e+00 -0.0000e+00
 4.4900e+00 -0.0000e+00
 4.5000e+00 -0.0000e+00
 4.5100e+00 -0.0000e+00
 4.5200e+00 -0.0000e+00
 4.5300e+00 -0.0000e+00
 4.5400e+00 -0.0000e+00
 4.5500e+00 -0.0000e+00
 4.5600e+00 -0.0000e+00
 4.5700e+00 -0.0000e+00
 4.5800e+00 -0.0000e+00
 4.5900e+00 -0.0000e+00
 4.6000e+00 -0.0000e+00
 4.6100e+00 -0.0000e+00
 4.6200e+00 -0.0000e+00
 4.6300e+00 -0.0000e+00
 4.6400e+00 -0.0000e+00
 4.6500e+00 -0.0000e+00
 4.6600e+00 -0.0000e+00
 4.6700e+00 -0.0000e+00
 4.6800e+00 -0.0000e+00
 4.6900e+00 -0.0000e+00
 4.7000e+00 -0.0000e+00
 4.7100e+00 -0.0000e+00
 4.7200e+00 -0.0000e+00
 4.7300e+00 -0.0000e+00
 4.7400e+00 -0.0000e+00
 4.7500e+00 -0.0000e+00
 4.7600e+00 -0.0000e+00
 4.7700e+00 -0.0000e+00
 4.7800e+00 -0.0000e+00
 4.7900e+00 -0.0000e+00
 4.8000e+00 -0.0000e+00
 4.8100e+00 -0.0000e+00
 4.8200e+00 -0.0000e+00
 4.8300e+00 -0.0000e+00
 4.8400e+00 -0.0000e+00
 4.8500e+00 -0.0000e+00
 4.8600e+00 -0.0000e+00
 4.8700e+00 -0.0000e+00
 4.8800e+00 -0.0000e+00
 4.8900e+00 -0.0000e+00
 4.9000e+00 -0.0000e+00
 4.9100e+00 -0.0000e+00
 4.9200e+00 -0.0000e+00
 4.9300e+00 -0.0000e+00
 4.9400e+00 -0.0000e+00
 4.9500e+00 -0.0000e+00
 4.9600e+00 -0.0000e+00
 4.9700e+00 -0.0000e+00
 4.9800e+00 -0.0000e+00
 4.9900e+00 -0.0000e+00
 5.0000e+00 -0.0000e+00
 5.0100e+00 -0.0000e+00
 5.0200e+00 -0.0000e+00
 5.0300e+00 -0.0000e+00
 5.0400e+00 -0.0000e+00
 5.0500e+00 -0.0000e+00
 5.0600e+00 -0.0000e+00
 5.0700e+00 -0.0000e+00
 5.0800e+00 -0.0000e+00
 5.0900e+00 -0.0000e+00
 5.1000e+00 -0.0000e+00
 5.1100e+00 -0.0000e+00
 5.1200e+00 -0.0000e+00
 5.1300e+00 -0.0000e+00
 5.1400e+00 -0.0000e+00
 5.1500e+00 -0.0000e+00
 5.1600e+00 -0.0000e+00
 5.1700e+00 -0.0000e+00
 5.1800e+00 -0.0000e+00
 5.1900e+00 -0.0000e+00
 5.2000e+00 -0.0000e+00
 5.2100e+00 -0.0000e+00
 5.2200e+00 -0.0000e+00
 5.2300e+00 -0.0000e+00
 5.2400e+00 -0.0000e+00
 5.2500e+00 -0.0000e+00
 5.2600e+00 -0.0000e+00
 5.2700e+00 -0.0000e+00
 5.2800e+00 -0.0000e+00
 5.2900e+00 -0.0000e+00
 5.3000e+00 -0.0000e+00
 5.3100e+00 -0.0000e+00
 5.3200e+00 -0.0000e+00
 5.3300e+00 -0.0000e+00
 5.3400e+00 -0.0000e+00
 5.3500e+00 -0.0000e+00
 5.3600e+00 -0.0000e+00
 5.3700e+00 -0.0000e+00
 5.3800e+00 -0.0000e+00
 5.3900e+00 -0.0000e+00
 5.4000e+00 -0.0000e+00
 5.4100e+00 -0.0000e+00
 5.4200e+00 -0.0000e+00
 5.4300e+00 -0.0000e+00
 5.4400e+00 -0.0000e+00
 5.4500e+00 -0.0000e+00
 5.4600e+00 -0.0000e+00
 5.4700e+00 -0.0000e+00
 5.4800e+00 -0.0000e+00
 5.4900e+00 -0.0000e+00
 5.5000e+00  2.2235e-06
 5.5100e+00  4.4517e-06
 5.5200e+00  4.4517e-06
 5.5300e+00  6.6845e-06
 5.5400e+00  1.1159e-05
 5.5500e+00  1.1159e-05
 5.5600e+00  1.7883e-05
 5.5700e+00  1.7883e-05
 5.5800e+00  3.1357e-05
 5.5900e+00  4.9355e-05
 5.6000e+00  4.9355e-05
 5.6100e+00  7.4144e-05
 5.6200e+00  7.4144e-05
 5.6300e+00  1.0575e-04
 5.6400e+00  1.4419e-04
 5.6500e+00  1.4419e-04
 5.6600e+00  1.9174e-04
 5.6700e+00  1.9174e-04
 5.6800e+00  2.5752e-04
 5.6900e+00  3.5520e-04
 5.7000e+00  3.5520e-04
 5.7100e+00  5.3264e-04
 5.7200e+00  5.3264e-04
 5.7300e+00  8.5163e-04
 5.7400e+00  1.4565e-03
 5.7500e+00  1.4565e-03
 5.7600e+00  2.6549e-03
 5.7700e+00  5.2238e-03
 5.7800e+00  5.2238e-03
 5.7900e+00  9.7393e-03
 5.8000e+00  9.7393e-03
 5.8100e+00  1.7109e-02
 5.8200e+00  2.8046e-02
 5.8300e+00  2.8046e-02
 5.8400e+00  4.3597e-02
 5.8500e+00  4.3597e-02
 5.8600e+00  6.2787e-02
 5.8700e+00  8.4525e-02
 5.8800e+00  8.4525e-02
 5.8900e+00  1.0753e-01
 5.9000e+00  1.0753e-01
 5.9100e+00  1.3101e-01
 5.9200e+00  1.5492e-01
 5.9300e+00  1.5492e-01
 5.9400e+00  1.7941e-01
 5.9500e+00  1.7941e-01
 5.9600e+00  2.0470e-01
 5.9700e+00  2.3104e-01
 5.9800e+00  2.3104e-01
 5.9900e+00  2.5826e-01
 6.0000e+00  2.5826e-01
 6.0100e+00  2.8638e-01
 6.0200e+00  3.1524e-01
 6.0300e+00  3.1524e-01
 6.0400e+00  3.4483e-01
 6.0500e+00  3.7520e-01
 6.0600e+00  3.7520e-01
 6.0700e+00  4.0639e-01
 6.0800e+00  4.0639e-01
 6.0900e+00  4.3852e-01
 6.1000e+00  4.7170e-01
 6.1100e+00  4.7170e-01
 6.1200e+00  5.0608e-01
 6.1300e+00  5.0608e-01
 6.1400e+00  5.4171e-01
 6.1500e+00  5.7867e-01
 6.1600e+00  5.7867e-01
 6.1700e+00  6.1693e-01
 6.1800e+00  6.1693e-01
 6.1900e+00  6.5654e-01
 6.2000e+00  6.9755e-01
 6.2100e+00  6.9755e-01
 6.2200e+00  7.4011e-01
 6.2300e+00  7.4011e-01
 6.2400e+00  7.8442e-01
 6.2500e+00  8.3065e-01
 6.2600e+00  8.3065e-01
 6.2700e+00  8.7894e-01
 6.2800e+00  9.2946e-01
 6.2900e+00  9.2946e-01
 6.3000e+00  9.8249e-01
 6.3100e+00  9.8249e-01
 6.3200e+00  1.0383e+00
 6.3300e+00  1.0974e+00
 6.3400e+00  1.0974e+00
 6.3500e+00  1.1599e+00
 6.3600e+00  1.1599e+00
 6.3700e+00  1.2264e+00
 6.3800e+00  1.2969e+00
 6.3900e+00  1.2969e+00
 6.4000e+00  1.3718e+00
 6.4100e+00  1.3718e+00
 6.4200e+00  1.4517e+00
 6.4300e+00  1.5377e+00
 6.4400e+00  1.5377e+00
 6.4500e+00  1.6312e+00
 6.4600e+00  1.6312e+00
 6.4700e+00  1.7339e+00
 6.4800e+00  1.8474e+00
 6.4900e+00  1.8474e+00
 6.5000e+00  1.9737e+00
 6.5100e+00  1.9737e+00
 6.5200e+00  2.1164e+00
 6.5300e+00  2.2806e+00
 6.5400e+00  2.2806e+00
 6.5500e+00  2.4731e+00
 6.5600e+00  2.7043e+00
 6.5700e+00  2.7043e+00
 6.5800e+00  2.9806e+00
 6.5900e+00  2.9806e+00
 6.6000e+00  3.3211e+00
 6.6100e+00  3.7117e+00
 6.6200e+00  3.7117e+00
 6.6300e+00  4.1127e+00
 6.6400e+00  4.1127e+00
 6.6500e+00  4.5451e+00
 6.6600e+00  4.8836e+00
 6.6700e+00  4.8836e+00
 6.6800e+00  5.1657e+00
 6.6900e+00  5.1657e+00
 6.7000e+00  5.3302e+00
 6.7100e+00  5.4155e+00
 6.7200e+00  5.4155e+00
 6.7300e+00  5.4710e+00
 6.7400e+00  5.4710e+00
 6.7500e+00  5.4980e+00
 6.7600e+00  5.5141e+00
 6.7700e+00  5.5141e+00
 6.7800e+00  5.5205e+00
 6.7900e+00  5.5206e+00
 6.8000e+00  5.5206e+00
 6.8100e+00  5.5207e+00
 6.8200e+00  5.5207e+00
 6.8300e+00  5.5208e+00
 6.8400e+00  5.5208e+00
 6.8500e+00  5.5210e+00
 6.8600e+00  5.5210e+00
 6.8700e+00  5.5212e+00
 6.8800e+00  5.5212e+00
 6.8900e+00  5.5214e+00
 6.9000e+00  5.5214e+00
 6.9100e+00  5.5217e+00
 6.9200e+00  5.5217e+00
 6.9300e+00  5.5221e+00
 6.9400e+00  5.5221e+00
 6.9500e+00  5.5229e+00
 6.9600e+00  5.5229e+00
 6.9700e+00  5.5241e+00
 6.9800e+00  5.5241e+00
 6.9900e+00  5.5264e+00
 7.0000e+00  5.5264e+00
 7.0100e+00  5.5307e+00
 7.0200e+00  5.5307e+00
 7.0300e+00  5.5395e+00
 7.0400e+00  5.5395e+00
 7.0500e+00  5.5544e+00
 7.0600e+00  5.5544e+00
 7.0700e+00  5.5778e+00
 7.0800e+00  5.5778e+00
 7.0900e+00  5.6114e+00
 7.1000e+00  5.6114e+00
 7.1100e+00  5.6579e+00
 7.1200e+00  5.6579e+00
 7.1300e+00  5.7140e+00
 7.1400e+00  5.7140e+00
 7.1500e+00  5.7766e+00
 7.1600e+00  5.7766e+00
 7.1700e+00  5.8418e+00
 7.1800e+00  5.9073e+00
 7.1900e+00  5.9073e+00
 7.2000e+00  5.9730e+00
 7.2100e+00  5.9730e+00
 7.2200e+00  6.0392e+00
 7.2300e+00  6.0392e+00
 7.2400e+00  6.1064e+00
 7.2500e+00  6.1064e+00
 7.2600e+00  6.1751e+00
 7.2700e+00  6.1751e+00
 7.2800e+00  6.2449e+00
 7.2900e+00  6.2449e+00
 7.3000e+00  6.3157e+00
 7.3100e+00  6.3157e+00
 7.3200e+00  6.3869e+00
 7.3300e+00  6.3869e+00
 7.3400e+00  6.4586e+00
 7.3500e+00  6.4586e+00
 7.3600e+00  6.5306e+00
 7.3700e+00  6.5306e+00
 7.3800e+00  6.6028e+00
 7.3900e+00  6.6029e+00
 7.4000e+00  6.6756e+00
 7.4100e+00  6.6759e+00
 7.4200e+00  6.7491e+00
 7.4300e+00  6.7496e+00
 7.4400e+00  6.8236e+00
 7.4500e+00  6.8245e+00
 7.4600e+00  6.8992e+00
 7.4700e+00  6.9011e+00
 7.4800e+00  6.9766e+00
 7.4900e+00  6.9798e+00
 7.5000e+00  7.0559e+00
 7.5100e+00  7.0610e+00
 7.5200e+00  7.1379e+00
 7.5300e+00  7.1453e+00
 7.5400e+00  7.2228e+00
 7.5500e+00  7.2332e+00
 7.5600e+00  7.3118e+00
 7.5700e+00  7.4044e+00
 7.5800e+00  7.4044e+00
 7.5900e+00  7.4999e+00
 7.6000e+00  7.4999e+00
 7.6100e+00  7.5976e+00
 7.6200e+00  7.5976e+00
 7.6300e+00  7.6972e+00
 7.6400e+00  7.6972e+00
 7.6500e+00  7.7989e+00
 7.6600e+00  7.7989e+00
 7.6700e+00  7.9031e+00
 7.6800e+00  7.9031e+00
 7.6900e+00  8.0107e+00
 7.7000e+00  8.0107e+00
 7.7100e+00  8.1220e+00
 7.7200e+00  8.1221e+00
 7.7300e+00  8.2376e+00
 7.7400e+00  8.2377e+00
 7.7500e+00  8.3408e+00
 7.7600e+00  8.3577e+00
 7.7700e+00  8.4602e+00
 7.7800e+00  8.4823e+00
 7.7900e+00  8.5882e+00
 7.8000e+00  8.6113e+00
 7.8100e+00  8.7218e+00
 7.8200e+00  8.7458e+00
 7.8300e+00  8.8621e+00
 7.8400e+00  8.8871e+00
 7.8500e+00  9.0105e+00
 7.8600e+00  9.0350e+00
 7.8700e+00  9.1684e+00
 7.8800e+00  9.1939e+00
 7.8900e+00  9.3372e+00
 7.9000e+00  9.3642e+00
 7.9100e+00  9.5199e+00
 7.9200e+00  9.5487e+00
 7.9300e+00  9.7203e+00
 7.9400e+00  9.7516e+00
 7.9500e+00  9.9428e+00
 7.9600e+00  1.0179e+01
 7.9700e+00  1.0193e+01
 7.9800e+00  1.0458e+01
 7.9900e+00  1.0474e+01
 8.0000e+00  1.0774e+01
 8.0100e+00  1.0788e+01
 8.0200e+00  1.1107e+01
 8.0300e+00  1.1124e+01
 8.0400e+00  1.1424e+01
 8.0500e+00  1.1445e+01
 8.0600e+00  1.1735e+01
 8.0700e+00  1.1760e+01
 8.0800e+00  1.1990e+01
 8.0900e+00  1.2018e+01
 8.1000e+00  1.2212e+01
 8.1100e+00  1.2248e+01
 8.1200e+00  1.2311e+01
 8.1300e+00  1.2445e+01
 8.1400e+00  1.2484e+01
 8.1500e+00  1.2622e+01
 8.1600e+00  1.2653e+01
 8.1700e+00  1.2767e+01
 8.1800e+00  1.2808e+01
 8.1900e+00  1.2936e+01
 8.2000e+00  1.2975e+01
 8.2100e+00  1.3107e+01
 8.2200e+00  1.3143e+01
 8.2300e+00  1.3275e+01
 8.2400e+00  1.3310e+01
 8.2500e+00  1.3443e+01
 8.2600e+00  1.3484e+01
 8.2700e+00  1.3619e+01
 8.2800e+00  1.3661e+01
 8.2900e+00  1.3800e+01
 8.3000e+00  1.3842e+01
 8.3100e+00  1.3988e+01
 8.3200e+00  1.4030e+01
 8.3300e+00  1.4169e+01
 8.3400e+00  1.4226e+01
 8.3500e+00  1.4372e+01
 8.3600e+00  1.4392e+01
 8.3700e+00  1.4581e+01
 8.3800e+00  1.4606e+01
 8.3900e+00  1.4806e+01
 8.4000e+00  1.4825e+01
 8.4100e+00  1.5047e+01
 8.4200e+00  1.5066e+01
 8.4300e+00  1.5307e+01
 8.4400e+00  1.5329e+01
 8.4500e+00  1.5594e+01
 8.4600e+00  1.5618e+01
 8.4700e+00  1.5682e+01
 8.4800e+00  1.5935e+01
 8.4900e+00  1.6003e+01
 8.5000e+00  1.6258e+01
 8.5100e+00  1.6366e+01
 8.5200e+00  1.6620e+01
 8.5300e+00  1.6748e+01
 8.5400e+00  1.6970e+01
 8.5500e+00  1.7106e+01
 8.5600e+00  1.7318e+01
 8.5700e+00  1.7366e+01
 8.5800e+00  1.7629e+01
 8.5900e+00  1.7682e+01
 8.6000e+00  1.7931e+01
 8.6100e+00  1.7988e+01
 8.6200e+00  1.8215e+01
 8.6300e+00  1.8269e+01
 8.6400e+00  1.8488e+01
 8.6500e+00  1.8504e+01
 8.6600e+00  1.8785e+01
 8.6700e+00  1.8803e+01
 8.6800e+00  1.9078e+01
 8.6900e+00  1.9122e+01
 8.7000e+00  1.9420e+01
 8.7100e+00  1.9470e+01
 8.7200e+00  1.9793e+01
 8.7300e+00  1.9852e+01
 8.7400e+00  2.0184e+01
 8.7500e+00  2.0252e+01
 8.7600e+00  2.0364e+01
 8.7700e+00  2.0631e+01
 8.7800e+00  2.0787e+01
 8.7900e+00  2.1044e+01
 8.8000e+00  2.1227e+01
 8.8100e+00  2.1448e+01
 8.8200e+00  2.1487e+01
 8.8300e+00  2.1788e+01
 8.8400e+00  2.1918e+01
 8.8500e+00  2.2213e+01
 8.8600e+00  2.2368e+01
 8.8700e+00  2.2638e+01
 8.8800e+00  2.2840e+01
 8.8900e+00  2.3058e+01
 8.9000e+00  2.3255e+01
 8.9100e+00  2.3529e+01
 8.9200e+00  2.3770e+01
 8.9300e+00  2.4002e+01
 8.9400e+00  2.4285e+01
 8.9500e+00  2.4517e+01
 8.9600e+00  2.4824e+01
 8.9700e+00  2.4995e+01
 8.9800e+00  2.5235e+01
 8.9900e+00  2.5584e+01
 9.0000e+00  2.5794e+01
 9.0100e+00  2.6180e+01
 9.0200e+00  2.6307e+01
 9.0300e+00  2.6801e+01
 9.0400e+00  2.6952e+01
 9.0500e+00  2.7339e+01
 9.0600e+00  2.7574e+01
 9.0700e+00  2.8024e+01
 9.0800e+00  2.8317e+01
 9.0900e+00  2.8803e+01
 9.1000e+00  2.9064e+01
 9.1100e+00  2.9547e+01
 9.1200e+00  2.9907e+01
 9.1300e+00  3.0280e+01
 9.1400e+00  3.0709e+01
 9.1500e+00  3.1063e+01
 9.1600e+00  3.1618e+01
 9.1700e+00  3.1896e+01
 9.1800e+00  3.2466e+01
 9.1900e+00  3.2898e+01
 9.2000e+00  3.3462e+01
 9.2100e+00  3.3927e+01
 9.2200e+00  3.4553e+01
 9.2300e+00  3.4938e+01
 9.2400e+00  3.5593e+01
 9.2500e+00  3.6054e+01
 9.2600e+00  3.6576e+01
 9.2700e+00  3.7070e+01
 9.2800e+00  3.7648e+01
 9.2900e+00  3.8336e+01
 9.3000e+00  3.8890e+01
 9.3100e+00  3.9525e+01
 9.3200e+00  4.0317e+01
 9.3300e+00  4.1066e+01
 9.3400e+00  4.1853e+01
 9.3500e+00  4.2641e+01
 9.3600e+00  4.3557e+01
 9.3700e+00  4.4189e+01
 9.3800e+00  4.4900e+01
 9.3900e+00  4.5613e+01
 9.4000e+00  4.6327e+01
 9.4100e+00  4.7043e+01
 9.4200e+00  4.7760e+01
 9.4300e+00  4.8479e+01
 9.4400e+00  4.9200e+01
 9.4500e+00  4.9922e+01
 9.4600e+00  5.0645e+01
 9.4700e+00  5.1371e+01
 9.4800e+00  5.2098e+01
 9.4900e+00  5.2826e+01
 9.5000e+00  5.3557e+01
 9.5100e+00  5.4288e+01
 9.5200e+00  5.5022e+01
 9.5300e+00  5.5757e+01
 9.5400e+00  5.6494e+01
 9.5500e+00  5.7232e+01
 9.5600e+00  5.7972e+01
 9.5700e+00  5.8713e+01
 9.5800e+00  5.9457e+01
 9.5900e+00  6.0201e+01
 9.6000e+00  6.0948e+01
 9.6100e+00  6.1696e+01
 9.6200e+00  6.2445e+01
 9.6300e+00  6.3197e+01
 9.6400e+00  6.3950e+01
 9.6500e+00  6.4704e+01
 9.6600e+00  6.5460e+01
 9.6700e+00  6.6218e+01
 9.6800e+00  6.6978e+01
 9.6900e+00  6.7739e+01
 9.7000e+00  6.8501e+01
 9.7100e+00  6.9266e+01
 9.7200e+00  7.0032e+01
 9.7300e+00  7.0799e+01
 9.7400e+00  7.1569e+01
 9.7500e+00  7.2340e+01
 9.7600e+00  7.3112e+01
 9.7700e+00  7.3886e+01
 9.7800e+00  7.4662e+01
 9.7900e+00  7.5440e+01
 9.8000e+00  7.6219e+01
 9.8100e+00  7.7000e+01
 9.8200e+00  7.7782e+01
 9.8300e+00  7.8566e+01
 9.8400e+00  7.9352e+01
 9.8500e+00  8.0139e+01
 9.8600e+00  8.0928e+01
 9.8700e+00  8.1719e+01
 9.8800e+00  8.2512e+01
 9.8900e+00  8.3306e+01
 9.9000e+00  8.4101e+01
 9.9100e+00  8.4898e+01
 9.9200e+00  8.5697e+01
 9.9300e+00  8.6498e+01
 9.9400e+00  8.7300e+01
 9.9500e+00  8.8104e+01
 9.9600e+00  8.8910e+01
 9.9700e+00  8.9717e+01
 9.9800e+00  9.0526e+01
 9.9900e+00  9.1337e+01
 1.0000e+01  9.2149e+01
