# IGM Attenuation computed from Analytical model proposed by Inoue+14
# Computed for filter MegaCam_i as function of the redshift
# z | attenuation [Mag]
 0.0000e+00 -0.0000e+00
 1.0000e-02 -0.0000e+00
 2.0000e-02 -0.0000e+00
 3.0000e-02 -0.0000e+00
 4.0000e-02 -0.0000e+00
 5.0000e-02 -0.0000e+00
 6.0000e-02 -0.0000e+00
 7.0000e-02 -0.0000e+00
 8.0000e-02 -0.0000e+00
 9.0000e-02 -0.0000e+00
 1.0000e-01 -0.0000e+00
 1.1000e-01 -0.0000e+00
 1.2000e-01 -0.0000e+00
 1.3000e-01 -0.0000e+00
 1.4000e-01 -0.0000e+00
 1.5000e-01 -0.0000e+00
 1.6000e-01 -0.0000e+00
 1.7000e-01 -0.0000e+00
 1.8000e-01 -0.0000e+00
 1.9000e-01 -0.0000e+00
 2.0000e-01 -0.0000e+00
 2.1000e-01 -0.0000e+00
 2.2000e-01 -0.0000e+00
 2.3000e-01 -0.0000e+00
 2.4000e-01 -0.0000e+00
 2.5000e-01 -0.0000e+00
 2.6000e-01 -0.0000e+00
 2.7000e-01 -0.0000e+00
 2.8000e-01 -0.0000e+00
 2.9000e-01 -0.0000e+00
 3.0000e-01 -0.0000e+00
 3.1000e-01 -0.0000e+00
 3.2000e-01 -0.0000e+00
 3.3000e-01 -0.0000e+00
 3.4000e-01 -0.0000e+00
 3.5000e-01 -0.0000e+00
 3.6000e-01 -0.0000e+00
 3.7000e-01 -0.0000e+00
 3.8000e-01 -0.0000e+00
 3.9000e-01 -0.0000e+00
 4.0000e-01 -0.0000e+00
 4.1000e-01 -0.0000e+00
 4.2000e-01 -0.0000e+00
 4.3000e-01 -0.0000e+00
 4.4000e-01 -0.0000e+00
 4.5000e-01 -0.0000e+00
 4.6000e-01 -0.0000e+00
 4.7000e-01 -0.0000e+00
 4.8000e-01 -0.0000e+00
 4.9000e-01 -0.0000e+00
 5.0000e-01 -0.0000e+00
 5.1000e-01 -0.0000e+00
 5.2000e-01 -0.0000e+00
 5.3000e-01 -0.0000e+00
 5.4000e-01 -0.0000e+00
 5.5000e-01 -0.0000e+00
 5.6000e-01 -0.0000e+00
 5.7000e-01 -0.0000e+00
 5.8000e-01 -0.0000e+00
 5.9000e-01 -0.0000e+00
 6.0000e-01 -0.0000e+00
 6.1000e-01 -0.0000e+00
 6.2000e-01 -0.0000e+00
 6.3000e-01 -0.0000e+00
 6.4000e-01 -0.0000e+00
 6.5000e-01 -0.0000e+00
 6.6000e-01 -0.0000e+00
 6.7000e-01 -0.0000e+00
 6.8000e-01 -0.0000e+00
 6.9000e-01 -0.0000e+00
 7.0000e-01 -0.0000e+00
 7.1000e-01 -0.0000e+00
 7.2000e-01 -0.0000e+00
 7.3000e-01 -0.0000e+00
 7.4000e-01 -0.0000e+00
 7.5000e-01 -0.0000e+00
 7.6000e-01 -0.0000e+00
 7.7000e-01 -0.0000e+00
 7.8000e-01 -0.0000e+00
 7.9000e-01 -0.0000e+00
 8.0000e-01 -0.0000e+00
 8.1000e-01 -0.0000e+00
 8.2000e-01 -0.0000e+00
 8.3000e-01 -0.0000e+00
 8.4000e-01 -0.0000e+00
 8.5000e-01 -0.0000e+00
 8.6000e-01 -0.0000e+00
 8.7000e-01 -0.0000e+00
 8.8000e-01 -0.0000e+00
 8.9000e-01 -0.0000e+00
 9.0000e-01 -0.0000e+00
 9.1000e-01 -0.0000e+00
 9.2000e-01 -0.0000e+00
 9.3000e-01 -0.0000e+00
 9.4000e-01 -0.0000e+00
 9.5000e-01 -0.0000e+00
 9.6000e-01 -0.0000e+00
 9.7000e-01 -0.0000e+00
 9.8000e-01 -0.0000e+00
 9.9000e-01 -0.0000e+00
 1.0000e+00 -0.0000e+00
 1.0100e+00 -0.0000e+00
 1.0200e+00 -0.0000e+00
 1.0300e+00 -0.0000e+00
 1.0400e+00 -0.0000e+00
 1.0500e+00 -0.0000e+00
 1.0600e+00 -0.0000e+00
 1.0700e+00 -0.0000e+00
 1.0800e+00 -0.0000e+00
 1.0900e+00 -0.0000e+00
 1.1000e+00 -0.0000e+00
 1.1100e+00 -0.0000e+00
 1.1200e+00 -0.0000e+00
 1.1300e+00 -0.0000e+00
 1.1400e+00 -0.0000e+00
 1.1500e+00 -0.0000e+00
 1.1600e+00 -0.0000e+00
 1.1700e+00 -0.0000e+00
 1.1800e+00 -0.0000e+00
 1.1900e+00 -0.0000e+00
 1.2000e+00 -0.0000e+00
 1.2100e+00 -0.0000e+00
 1.2200e+00 -0.0000e+00
 1.2300e+00 -0.0000e+00
 1.2400e+00 -0.0000e+00
 1.2500e+00 -0.0000e+00
 1.2600e+00 -0.0000e+00
 1.2700e+00 -0.0000e+00
 1.2800e+00 -0.0000e+00
 1.2900e+00 -0.0000e+00
 1.3000e+00 -0.0000e+00
 1.3100e+00 -0.0000e+00
 1.3200e+00 -0.0000e+00
 1.3300e+00 -0.0000e+00
 1.3400e+00 -0.0000e+00
 1.3500e+00 -0.0000e+00
 1.3600e+00 -0.0000e+00
 1.3700e+00 -0.0000e+00
 1.3800e+00 -0.0000e+00
 1.3900e+00 -0.0000e+00
 1.4000e+00 -0.0000e+00
 1.4100e+00 -0.0000e+00
 1.4200e+00 -0.0000e+00
 1.4300e+00 -0.0000e+00
 1.4400e+00 -0.0000e+00
 1.4500e+00 -0.0000e+00
 1.4600e+00 -0.0000e+00
 1.4700e+00 -0.0000e+00
 1.4800e+00 -0.0000e+00
 1.4900e+00 -0.0000e+00
 1.5000e+00 -0.0000e+00
 1.5100e+00 -0.0000e+00
 1.5200e+00 -0.0000e+00
 1.5300e+00 -0.0000e+00
 1.5400e+00 -0.0000e+00
 1.5500e+00 -0.0000e+00
 1.5600e+00 -0.0000e+00
 1.5700e+00 -0.0000e+00
 1.5800e+00 -0.0000e+00
 1.5900e+00 -0.0000e+00
 1.6000e+00 -0.0000e+00
 1.6100e+00 -0.0000e+00
 1.6200e+00 -0.0000e+00
 1.6300e+00 -0.0000e+00
 1.6400e+00 -0.0000e+00
 1.6500e+00 -0.0000e+00
 1.6600e+00 -0.0000e+00
 1.6700e+00 -0.0000e+00
 1.6800e+00 -0.0000e+00
 1.6900e+00 -0.0000e+00
 1.7000e+00 -0.0000e+00
 1.7100e+00 -0.0000e+00
 1.7200e+00 -0.0000e+00
 1.7300e+00 -0.0000e+00
 1.7400e+00 -0.0000e+00
 1.7500e+00 -0.0000e+00
 1.7600e+00 -0.0000e+00
 1.7700e+00 -0.0000e+00
 1.7800e+00 -0.0000e+00
 1.7900e+00 -0.0000e+00
 1.8000e+00 -0.0000e+00
 1.8100e+00 -0.0000e+00
 1.8200e+00 -0.0000e+00
 1.8300e+00 -0.0000e+00
 1.8400e+00 -0.0000e+00
 1.8500e+00 -0.0000e+00
 1.8600e+00 -0.0000e+00
 1.8700e+00 -0.0000e+00
 1.8800e+00 -0.0000e+00
 1.8900e+00 -0.0000e+00
 1.9000e+00 -0.0000e+00
 1.9100e+00 -0.0000e+00
 1.9200e+00 -0.0000e+00
 1.9300e+00 -0.0000e+00
 1.9400e+00 -0.0000e+00
 1.9500e+00 -0.0000e+00
 1.9600e+00 -0.0000e+00
 1.9700e+00 -0.0000e+00
 1.9800e+00 -0.0000e+00
 1.9900e+00 -0.0000e+00
 2.0000e+00 -0.0000e+00
 2.0100e+00 -0.0000e+00
 2.0200e+00 -0.0000e+00
 2.0300e+00 -0.0000e+00
 2.0400e+00 -0.0000e+00
 2.0500e+00 -0.0000e+00
 2.0600e+00 -0.0000e+00
 2.0700e+00 -0.0000e+00
 2.0800e+00 -0.0000e+00
 2.0900e+00 -0.0000e+00
 2.1000e+00 -0.0000e+00
 2.1100e+00 -0.0000e+00
 2.1200e+00 -0.0000e+00
 2.1300e+00 -0.0000e+00
 2.1400e+00 -0.0000e+00
 2.1500e+00 -0.0000e+00
 2.1600e+00 -0.0000e+00
 2.1700e+00 -0.0000e+00
 2.1800e+00 -0.0000e+00
 2.1900e+00 -0.0000e+00
 2.2000e+00 -0.0000e+00
 2.2100e+00 -0.0000e+00
 2.2200e+00 -0.0000e+00
 2.2300e+00 -0.0000e+00
 2.2400e+00 -0.0000e+00
 2.2500e+00 -0.0000e+00
 2.2600e+00 -0.0000e+00
 2.2700e+00 -0.0000e+00
 2.2800e+00 -0.0000e+00
 2.2900e+00 -0.0000e+00
 2.3000e+00 -0.0000e+00
 2.3100e+00 -0.0000e+00
 2.3200e+00 -0.0000e+00
 2.3300e+00 -0.0000e+00
 2.3400e+00 -0.0000e+00
 2.3500e+00 -0.0000e+00
 2.3600e+00 -0.0000e+00
 2.3700e+00 -0.0000e+00
 2.3800e+00 -0.0000e+00
 2.3900e+00 -0.0000e+00
 2.4000e+00 -0.0000e+00
 2.4100e+00 -0.0000e+00
 2.4200e+00 -0.0000e+00
 2.4300e+00 -0.0000e+00
 2.4400e+00 -0.0000e+00
 2.4500e+00 -0.0000e+00
 2.4600e+00 -0.0000e+00
 2.4700e+00 -0.0000e+00
 2.4800e+00 -0.0000e+00
 2.4900e+00 -0.0000e+00
 2.5000e+00 -0.0000e+00
 2.5100e+00 -0.0000e+00
 2.5200e+00 -0.0000e+00
 2.5300e+00 -0.0000e+00
 2.5400e+00 -0.0000e+00
 2.5500e+00 -0.0000e+00
 2.5600e+00 -0.0000e+00
 2.5700e+00 -0.0000e+00
 2.5800e+00 -0.0000e+00
 2.5900e+00 -0.0000e+00
 2.6000e+00 -0.0000e+00
 2.6100e+00 -0.0000e+00
 2.6200e+00 -0.0000e+00
 2.6300e+00 -0.0000e+00
 2.6400e+00 -0.0000e+00
 2.6500e+00 -0.0000e+00
 2.6600e+00 -0.0000e+00
 2.6700e+00 -0.0000e+00
 2.6800e+00 -0.0000e+00
 2.6900e+00 -0.0000e+00
 2.7000e+00 -0.0000e+00
 2.7100e+00 -0.0000e+00
 2.7200e+00 -0.0000e+00
 2.7300e+00 -0.0000e+00
 2.7400e+00 -0.0000e+00
 2.7500e+00 -0.0000e+00
 2.7600e+00 -0.0000e+00
 2.7700e+00 -0.0000e+00
 2.7800e+00 -0.0000e+00
 2.7900e+00 -0.0000e+00
 2.8000e+00 -0.0000e+00
 2.8100e+00 -0.0000e+00
 2.8200e+00 -0.0000e+00
 2.8300e+00 -0.0000e+00
 2.8400e+00 -0.0000e+00
 2.8500e+00 -0.0000e+00
 2.8600e+00 -0.0000e+00
 2.8700e+00 -0.0000e+00
 2.8800e+00 -0.0000e+00
 2.8900e+00 -0.0000e+00
 2.9000e+00 -0.0000e+00
 2.9100e+00 -0.0000e+00
 2.9200e+00 -0.0000e+00
 2.9300e+00 -0.0000e+00
 2.9400e+00 -0.0000e+00
 2.9500e+00 -0.0000e+00
 2.9600e+00 -0.0000e+00
 2.9700e+00 -0.0000e+00
 2.9800e+00 -0.0000e+00
 2.9900e+00 -0.0000e+00
 3.0000e+00 -0.0000e+00
 3.0100e+00 -0.0000e+00
 3.0200e+00 -0.0000e+00
 3.0300e+00 -0.0000e+00
 3.0400e+00 -0.0000e+00
 3.0500e+00 -0.0000e+00
 3.0600e+00 -0.0000e+00
 3.0700e+00 -0.0000e+00
 3.0800e+00 -0.0000e+00
 3.0900e+00 -0.0000e+00
 3.1000e+00 -0.0000e+00
 3.1100e+00 -0.0000e+00
 3.1200e+00 -0.0000e+00
 3.1300e+00 -0.0000e+00
 3.1400e+00 -0.0000e+00
 3.1500e+00 -0.0000e+00
 3.1600e+00 -0.0000e+00
 3.1700e+00 -0.0000e+00
 3.1800e+00 -0.0000e+00
 3.1900e+00 -0.0000e+00
 3.2000e+00 -0.0000e+00
 3.2100e+00 -0.0000e+00
 3.2200e+00 -0.0000e+00
 3.2300e+00 -0.0000e+00
 3.2400e+00 -0.0000e+00
 3.2500e+00 -0.0000e+00
 3.2600e+00 -0.0000e+00
 3.2700e+00 -0.0000e+00
 3.2800e+00 -0.0000e+00
 3.2900e+00 -0.0000e+00
 3.3000e+00 -0.0000e+00
 3.3100e+00 -0.0000e+00
 3.3200e+00 -0.0000e+00
 3.3300e+00 -0.0000e+00
 3.3400e+00 -0.0000e+00
 3.3500e+00 -0.0000e+00
 3.3600e+00 -0.0000e+00
 3.3700e+00 -0.0000e+00
 3.3800e+00 -0.0000e+00
 3.3900e+00 -0.0000e+00
 3.4000e+00 -0.0000e+00
 3.4100e+00 -0.0000e+00
 3.4200e+00 -0.0000e+00
 3.4300e+00 -0.0000e+00
 3.4400e+00 -0.0000e+00
 3.4500e+00 -0.0000e+00
 3.4600e+00 -0.0000e+00
 3.4700e+00 -0.0000e+00
 3.4800e+00 -0.0000e+00
 3.4900e+00 -0.0000e+00
 3.5000e+00 -0.0000e+00
 3.5100e+00 -0.0000e+00
 3.5200e+00 -0.0000e+00
 3.5300e+00 -0.0000e+00
 3.5400e+00 -0.0000e+00
 3.5500e+00 -0.0000e+00
 3.5600e+00 -0.0000e+00
 3.5700e+00 -0.0000e+00
 3.5800e+00 -0.0000e+00
 3.5900e+00 -0.0000e+00
 3.6000e+00 -0.0000e+00
 3.6100e+00 -0.0000e+00
 3.6200e+00 -0.0000e+00
 3.6300e+00 -0.0000e+00
 3.6400e+00 -0.0000e+00
 3.6500e+00 -0.0000e+00
 3.6600e+00 -0.0000e+00
 3.6700e+00 -0.0000e+00
 3.6800e+00 -0.0000e+00
 3.6900e+00 -0.0000e+00
 3.7000e+00 -0.0000e+00
 3.7100e+00 -0.0000e+00
 3.7200e+00 -0.0000e+00
 3.7300e+00 -0.0000e+00
 3.7400e+00 -0.0000e+00
 3.7500e+00 -0.0000e+00
 3.7600e+00 -0.0000e+00
 3.7700e+00 -0.0000e+00
 3.7800e+00 -0.0000e+00
 3.7900e+00 -0.0000e+00
 3.8000e+00 -0.0000e+00
 3.8100e+00 -0.0000e+00
 3.8200e+00 -0.0000e+00
 3.8300e+00 -0.0000e+00
 3.8400e+00 -0.0000e+00
 3.8500e+00 -0.0000e+00
 3.8600e+00 -0.0000e+00
 3.8700e+00 -0.0000e+00
 3.8800e+00 -0.0000e+00
 3.8900e+00 -0.0000e+00
 3.9000e+00 -0.0000e+00
 3.9100e+00 -0.0000e+00
 3.9200e+00 -0.0000e+00
 3.9300e+00 -0.0000e+00
 3.9400e+00 -0.0000e+00
 3.9500e+00 -0.0000e+00
 3.9600e+00 -0.0000e+00
 3.9700e+00 -0.0000e+00
 3.9800e+00 -0.0000e+00
 3.9900e+00 -0.0000e+00
 4.0000e+00 -0.0000e+00
 4.0100e+00 -0.0000e+00
 4.0200e+00 -0.0000e+00
 4.0300e+00 -0.0000e+00
 4.0400e+00 -0.0000e+00
 4.0500e+00 -0.0000e+00
 4.0600e+00 -0.0000e+00
 4.0700e+00 -0.0000e+00
 4.0800e+00 -0.0000e+00
 4.0900e+00 -0.0000e+00
 4.1000e+00 -0.0000e+00
 4.1100e+00 -0.0000e+00
 4.1200e+00 -0.0000e+00
 4.1300e+00 -0.0000e+00
 4.1400e+00 -0.0000e+00
 4.1500e+00 -0.0000e+00
 4.1600e+00 -0.0000e+00
 4.1700e+00 -0.0000e+00
 4.1800e+00 -0.0000e+00
 4.1900e+00 -0.0000e+00
 4.2000e+00 -0.0000e+00
 4.2100e+00 -0.0000e+00
 4.2200e+00 -0.0000e+00
 4.2300e+00 -0.0000e+00
 4.2400e+00 -0.0000e+00
 4.2500e+00 -0.0000e+00
 4.2600e+00 -0.0000e+00
 4.2700e+00 -0.0000e+00
 4.2800e+00 -0.0000e+00
 4.2900e+00 -0.0000e+00
 4.3000e+00 -0.0000e+00
 4.3100e+00 -0.0000e+00
 4.3200e+00 -0.0000e+00
 4.3300e+00 -0.0000e+00
 4.3400e+00 -0.0000e+00
 4.3500e+00 -0.0000e+00
 4.3600e+00 -0.0000e+00
 4.3700e+00 -0.0000e+00
 4.3800e+00 -0.0000e+00
 4.3900e+00 -0.0000e+00
 4.4000e+00 -0.0000e+00
 4.4100e+00 -0.0000e+00
 4.4200e+00 -0.0000e+00
 4.4300e+00 -0.0000e+00
 4.4400e+00 -0.0000e+00
 4.4500e+00 -0.0000e+00
 4.4600e+00 -0.0000e+00
 4.4700e+00 -0.0000e+00
 4.4800e+00 -0.0000e+00
 4.4900e+00 -0.0000e+00
 4.5000e+00 -0.0000e+00
 4.5100e+00 -0.0000e+00
 4.5200e+00 -0.0000e+00
 4.5300e+00 -0.0000e+00
 4.5400e+00 -0.0000e+00
 4.5500e+00 -0.0000e+00
 4.5600e+00 -0.0000e+00
 4.5700e+00  1.8369e-03
 4.5800e+00  1.8369e-03
 4.5900e+00  3.9799e-03
 4.6000e+00  6.3607e-03
 4.6100e+00  9.9815e-03
 4.6200e+00  1.4637e-02
 4.6300e+00  1.4637e-02
 4.6400e+00  2.2989e-02
 4.6500e+00  3.9070e-02
 4.6600e+00  3.9070e-02
 4.6700e+00  3.9070e-02
 4.6800e+00  3.9070e-02
 4.6900e+00  6.0538e-02
 4.7000e+00  6.0538e-02
 4.7100e+00  1.1000e-01
 4.7200e+00  1.1000e-01
 4.7300e+00  1.1000e-01
 4.7400e+00  1.1000e-01
 4.7500e+00  1.1000e-01
 4.7600e+00  1.1000e-01
 4.7700e+00  1.1000e-01
 4.7800e+00  1.1000e-01
 4.7900e+00  1.1000e-01
 4.8000e+00  1.1000e-01
 4.8100e+00  2.1225e-01
 4.8200e+00  2.1225e-01
 4.8300e+00  2.1225e-01
 4.8400e+00  2.1225e-01
 4.8500e+00  2.1225e-01
 4.8600e+00  2.1225e-01
 4.8700e+00  2.1225e-01
 4.8800e+00  2.1225e-01
 4.8900e+00  2.1225e-01
 4.9000e+00  2.1225e-01
 4.9100e+00  2.1225e-01
 4.9200e+00  2.1225e-01
 4.9300e+00  3.2900e-01
 4.9400e+00  3.2900e-01
 4.9500e+00  3.2900e-01
 4.9600e+00  3.2900e-01
 4.9700e+00  3.2900e-01
 4.9800e+00  3.2900e-01
 4.9900e+00  3.2900e-01
 5.0000e+00  3.2900e-01
 5.0100e+00  3.2900e-01
 5.0200e+00  3.2900e-01
 5.0300e+00  4.3931e-01
 5.0400e+00  4.3931e-01
 5.0500e+00  4.3931e-01
 5.0600e+00  4.3931e-01
 5.0700e+00  4.3931e-01
 5.0800e+00  4.3931e-01
 5.0900e+00  4.3931e-01
 5.1000e+00  4.3931e-01
 5.1100e+00  4.3931e-01
 5.1200e+00  5.4104e-01
 5.1300e+00  5.4104e-01
 5.1400e+00  5.4104e-01
 5.1500e+00  5.4104e-01
 5.1600e+00  5.4104e-01
 5.1700e+00  5.4104e-01
 5.1800e+00  5.4104e-01
 5.1900e+00  6.4649e-01
 5.2000e+00  6.4649e-01
 5.2100e+00  6.4649e-01
 5.2200e+00  6.4649e-01
 5.2300e+00  6.4649e-01
 5.2400e+00  6.4649e-01
 5.2500e+00  6.4649e-01
 5.2600e+00  6.4649e-01
 5.2700e+00  6.4649e-01
 5.2800e+00  7.5999e-01
 5.2900e+00  7.5999e-01
 5.3000e+00  7.5999e-01
 5.3100e+00  7.5999e-01
 5.3200e+00  7.5999e-01
 5.3300e+00  7.5999e-01
 5.3400e+00  7.5999e-01
 5.3500e+00  8.5363e-01
 5.3600e+00  8.5363e-01
 5.3700e+00  8.5363e-01
 5.3800e+00  8.5363e-01
 5.3900e+00  8.5363e-01
 5.4000e+00  9.2903e-01
 5.4100e+00  9.2903e-01
 5.4200e+00  9.2903e-01
 5.4300e+00  9.2903e-01
 5.4400e+00  1.0272e+00
 5.4500e+00  1.0272e+00
 5.4600e+00  1.0272e+00
 5.4700e+00  1.0272e+00
 5.4800e+00  1.0272e+00
 5.4900e+00  1.0272e+00
 5.5000e+00  1.0272e+00
 5.5100e+00  1.1581e+00
 5.5200e+00  1.1581e+00
 5.5300e+00  1.1581e+00
 5.5400e+00  1.1581e+00
 5.5500e+00  1.1581e+00
 5.5600e+00  1.1581e+00
 5.5700e+00  1.1581e+00
 5.5800e+00  1.2943e+00
 5.5900e+00  1.2943e+00
 5.6000e+00  1.2956e+00
 5.6100e+00  1.2956e+00
 5.6200e+00  1.2971e+00
 5.6300e+00  1.2971e+00
 5.6400e+00  1.4341e+00
 5.6500e+00  1.4369e+00
 5.6600e+00  1.4369e+00
 5.6700e+00  1.4404e+00
 5.6800e+00  1.4466e+00
 5.6900e+00  1.5730e+00
 5.7000e+00  1.5863e+00
 5.7100e+00  1.5863e+00
 5.7200e+00  1.5863e+00
 5.7300e+00  1.5863e+00
 5.7400e+00  1.7614e+00
 5.7500e+00  1.7614e+00
 5.7600e+00  1.8065e+00
 5.7700e+00  1.8065e+00
 5.7800e+00  1.8065e+00
 5.7900e+00  1.8065e+00
 5.8000e+00  2.0405e+00
 5.8100e+00  2.0405e+00
 5.8200e+00  2.0405e+00
 5.8300e+00  2.0405e+00
 5.8400e+00  2.0405e+00
 5.8500e+00  2.0405e+00
 5.8600e+00  2.0405e+00
 5.8700e+00  2.2395e+00
 5.8800e+00  2.3620e+00
 5.8900e+00  2.3620e+00
 5.9000e+00  2.3620e+00
 5.9100e+00  2.4639e+00
 5.9200e+00  2.5345e+00
 5.9300e+00  2.5915e+00
 5.9400e+00  2.6426e+00
 5.9500e+00  2.6426e+00
 5.9600e+00  2.6915e+00
 5.9700e+00  2.7198e+00
 5.9800e+00  2.7214e+00
 5.9900e+00  2.7514e+00
 6.0000e+00  2.7532e+00
 6.0100e+00  2.7558e+00
 6.0200e+00  2.9291e+00
 6.0300e+00  2.9517e+00
 6.0400e+00  2.9542e+00
 6.0500e+00  2.9587e+00
 6.0600e+00  2.9587e+00
 6.0700e+00  2.9718e+00
 6.0800e+00  2.9812e+00
 6.0900e+00  2.9812e+00
 6.1000e+00  2.9812e+00
 6.1100e+00  2.9979e+00
 6.1200e+00  2.9979e+00
 6.1300e+00  3.0355e+00
 6.1400e+00  3.0355e+00
 6.1500e+00  3.1971e+00
 6.1600e+00  3.1971e+00
 6.1700e+00  3.1981e+00
 6.1800e+00  3.1997e+00
 6.1900e+00  3.1997e+00
 6.2000e+00  3.2017e+00
 6.2100e+00  3.2052e+00
 6.2200e+00  3.2056e+00
 6.2300e+00  3.2056e+00
 6.2400e+00  3.2125e+00
 6.2500e+00  3.3460e+00
 6.2600e+00  3.4266e+00
 6.2700e+00  3.4279e+00
 6.2800e+00  3.4375e+00
 6.2900e+00  3.4388e+00
 6.3000e+00  3.4399e+00
 6.3100e+00  3.4627e+00
 6.3200e+00  3.4627e+00
 6.3300e+00  3.4676e+00
 6.3400e+00  3.6065e+00
 6.3500e+00  3.6077e+00
 6.3600e+00  3.6099e+00
 6.3700e+00  3.6157e+00
 6.3800e+00  3.6189e+00
 6.3900e+00  3.6199e+00
 6.4000e+00  3.6325e+00
 6.4100e+00  3.7125e+00
 6.4200e+00  3.7158e+00
 6.4300e+00  3.7592e+00
 6.4400e+00  3.9124e+00
 6.4500e+00  3.9223e+00
 6.4600e+00  3.9271e+00
 6.4700e+00  3.9290e+00
 6.4800e+00  3.9306e+00
 6.4900e+00  3.9395e+00
 6.5000e+00  3.9411e+00
 6.5100e+00  3.9439e+00
 6.5200e+00  4.0886e+00
 6.5300e+00  4.0941e+00
 6.5400e+00  4.1739e+00
 6.5500e+00  4.1780e+00
 6.5600e+00  4.1835e+00
 6.5700e+00  4.1869e+00
 6.5800e+00  4.3012e+00
 6.5900e+00  4.3528e+00
 6.6000e+00  4.3584e+00
 6.6100e+00  4.3598e+00
 6.6200e+00  4.3723e+00
 6.6300e+00  4.4965e+00
 6.6400e+00  4.5060e+00
 6.6500e+00  4.5800e+00
 6.6600e+00  4.5873e+00
 6.6700e+00  4.5928e+00
 6.6800e+00  4.6240e+00
 6.6900e+00  4.6276e+00
 6.7000e+00  4.6325e+00
 6.7100e+00  4.7984e+00
 6.7200e+00  4.8491e+00
 6.7300e+00  4.8575e+00
 6.7400e+00  4.9539e+00
 6.7500e+00  4.9563e+00
 6.7600e+00  4.9583e+00
 6.7700e+00  4.9599e+00
 6.7800e+00  4.9729e+00
 6.7900e+00  5.1452e+00
 6.8000e+00  5.1553e+00
 6.8100e+00  5.1819e+00
 6.8200e+00  5.1891e+00
 6.8300e+00  5.2284e+00
 6.8400e+00  5.3121e+00
 6.8500e+00  5.3166e+00
 6.8600e+00  5.3226e+00
 6.8700e+00  5.5216e+00
 6.8800e+00  5.5270e+00
 6.8900e+00  5.5345e+00
 6.9000e+00  5.5377e+00
 6.9100e+00  5.5503e+00
 6.9200e+00  5.5899e+00
 6.9300e+00  5.8471e+00
 6.9400e+00  5.8576e+00
 6.9500e+00  5.8589e+00
 6.9600e+00  5.8660e+00
 6.9700e+00  5.8713e+00
 6.9800e+00  6.0681e+00
 6.9900e+00  6.1500e+00
 7.0000e+00  6.1554e+00
 7.0100e+00  6.1604e+00
 7.0200e+00  6.1659e+00
 7.0300e+00  6.2551e+00
 7.0400e+00  6.2567e+00
 7.0500e+00  6.3323e+00
 7.0600e+00  6.6451e+00
 7.0700e+00  6.6467e+00
 7.0800e+00  6.6546e+00
 7.0900e+00  6.6791e+00
 7.1000e+00  6.6835e+00
 7.1100e+00  6.6890e+00
 7.1200e+00  6.7332e+00
 7.1300e+00  6.8851e+00
 7.1400e+00  6.8902e+00
 7.1500e+00  7.1838e+00
 7.1600e+00  7.1858e+00
 7.1700e+00  7.1943e+00
 7.1800e+00  7.3192e+00
 7.1900e+00  7.3685e+00
 7.2000e+00  7.4869e+00
 7.2100e+00  7.4940e+00
 7.2200e+00  7.7652e+00
 7.2300e+00  7.8476e+00
 7.2400e+00  7.9449e+00
 7.2500e+00  8.0236e+00
 7.2600e+00  8.0831e+00
 7.2700e+00  8.0853e+00
 7.2800e+00  8.1409e+00
 7.2900e+00  8.1967e+00
 7.3000e+00  8.3969e+00
 7.3100e+00  8.4040e+00
 7.3200e+00  8.4129e+00
 7.3300e+00  8.5646e+00
 7.3400e+00  8.6153e+00
 7.3500e+00  8.6424e+00
 7.3600e+00  8.6594e+00
 7.3700e+00  8.8461e+00
 7.3800e+00  8.8569e+00
 7.3900e+00  8.8941e+00
 7.4000e+00  8.8999e+00
 7.4100e+00  8.9290e+00
 7.4200e+00  9.2752e+00
 7.4300e+00  9.3489e+00
 7.4400e+00  9.3625e+00
 7.4500e+00  9.3891e+00
 7.4600e+00  9.3957e+00
 7.4700e+00  9.4011e+00
 7.4800e+00  9.4186e+00
 7.4900e+00  9.4226e+00
 7.5000e+00  9.9003e+00
 7.5100e+00  9.9131e+00
 7.5200e+00  9.9965e+00
 7.5300e+00  1.0003e+01
 7.5400e+00  1.0036e+01
 7.5500e+00  1.0041e+01
 7.5600e+00  1.0047e+01
 7.5700e+00  1.0173e+01
 7.5800e+00  1.0175e+01
 7.5900e+00  1.0511e+01
 7.6000e+00  1.0597e+01
 7.6100e+00  1.0598e+01
 7.6200e+00  1.0755e+01
 7.6300e+00  1.0942e+01
 7.6400e+00  1.1055e+01
 7.6500e+00  1.1064e+01
 7.6600e+00  1.1094e+01
 7.6700e+00  1.1233e+01
 7.6800e+00  1.1417e+01
 7.6900e+00  1.1431e+01
 7.7000e+00  1.1504e+01
 7.7100e+00  1.1841e+01
 7.7200e+00  1.1904e+01
 7.7300e+00  1.2100e+01
 7.7400e+00  1.2214e+01
 7.7500e+00  1.2225e+01
 7.7600e+00  1.2254e+01
 7.7700e+00  1.2257e+01
 7.7800e+00  1.2340e+01
 7.7900e+00  1.2351e+01
 7.8000e+00  1.2710e+01
 7.8100e+00  1.2745e+01
 7.8200e+00  1.2963e+01
 7.8300e+00  1.2997e+01
 7.8400e+00  1.3213e+01
 7.8500e+00  1.3365e+01
 7.8600e+00  1.3381e+01
 7.8700e+00  1.3514e+01
 7.8800e+00  1.3753e+01
 7.8900e+00  1.3796e+01
 7.9000e+00  1.3811e+01
 7.9100e+00  1.4169e+01
 7.9200e+00  1.4249e+01
 7.9300e+00  1.4387e+01
 7.9400e+00  1.4472e+01
 7.9500e+00  1.4618e+01
 7.9600e+00  1.4808e+01
 7.9700e+00  1.4829e+01
 7.9800e+00  1.5092e+01
 7.9900e+00  1.5278e+01
 8.0000e+00  1.5361e+01
 8.0100e+00  1.5402e+01
 8.0200e+00  1.5786e+01
 8.0300e+00  1.5905e+01
 8.0400e+00  1.5998e+01
 8.0500e+00  1.6143e+01
 8.0600e+00  1.6457e+01
 8.0700e+00  1.6639e+01
 8.0800e+00  1.6720e+01
 8.0900e+00  1.6946e+01
 8.1000e+00  1.7072e+01
 8.1100e+00  1.7412e+01
 8.1200e+00  1.7491e+01
 8.1300e+00  1.7831e+01
 8.1400e+00  1.8045e+01
 8.1500e+00  1.8247e+01
 8.1600e+00  1.8490e+01
 8.1700e+00  1.8750e+01
 8.1800e+00  1.9065e+01
 8.1900e+00  1.9305e+01
 8.2000e+00  1.9647e+01
 8.2100e+00  1.9850e+01
 8.2200e+00  2.0218e+01
 8.2300e+00  2.0429e+01
 8.2400e+00  2.0827e+01
 8.2500e+00  2.1197e+01
 8.2600e+00  2.1448e+01
 8.2700e+00  2.1660e+01
 8.2800e+00  2.2007e+01
 8.2900e+00  2.2508e+01
 8.3000e+00  2.2800e+01
 8.3100e+00  2.3043e+01
 8.3200e+00  2.3457e+01
 8.3300e+00  2.3681e+01
 8.3400e+00  2.4129e+01
 8.3500e+00  2.4371e+01
 8.3600e+00  2.4854e+01
 8.3700e+00  2.5189e+01
 8.3800e+00  2.5513e+01
 8.3900e+00  2.5967e+01
 8.4000e+00  2.6353e+01
 8.4100e+00  2.6883e+01
 8.4200e+00  2.7547e+01
 8.4300e+00  2.8153e+01
 8.4400e+00  2.8616e+01
 8.4500e+00  2.9081e+01
 8.4600e+00  2.9547e+01
 8.4700e+00  3.0015e+01
 8.4800e+00  3.0483e+01
 8.4900e+00  3.0953e+01
 8.5000e+00  3.1423e+01
 8.5100e+00  3.1895e+01
 8.5200e+00  3.2368e+01
 8.5300e+00  3.2842e+01
 8.5400e+00  3.3318e+01
 8.5500e+00  3.3794e+01
 8.5600e+00  3.4271e+01
 8.5700e+00  3.4750e+01
 8.5800e+00  3.5230e+01
 8.5900e+00  3.5711e+01
 8.6000e+00  3.6193e+01
 8.6100e+00  3.6676e+01
 8.6200e+00  3.7161e+01
 8.6300e+00  3.7646e+01
 8.6400e+00  3.8133e+01
 8.6500e+00  3.8621e+01
 8.6600e+00  3.9110e+01
 8.6700e+00  3.9600e+01
 8.6800e+00  4.0091e+01
 8.6900e+00  4.0584e+01
 8.7000e+00  4.1077e+01
 8.7100e+00  4.1572e+01
 8.7200e+00  4.2068e+01
 8.7300e+00  4.2565e+01
 8.7400e+00  4.3064e+01
 8.7500e+00  4.3563e+01
 8.7600e+00  4.4064e+01
 8.7700e+00  4.4565e+01
 8.7800e+00  4.5068e+01
 8.7900e+00  4.5572e+01
 8.8000e+00  4.6077e+01
 8.8100e+00  4.6584e+01
 8.8200e+00  4.7091e+01
 8.8300e+00  4.7600e+01
 8.8400e+00  4.8110e+01
 8.8500e+00  4.8621e+01
 8.8600e+00  4.9133e+01
 8.8700e+00  4.9646e+01
 8.8800e+00  5.0161e+01
 8.8900e+00  5.0676e+01
 8.9000e+00  5.1193e+01
 8.9100e+00  5.1711e+01
 8.9200e+00  5.2230e+01
 8.9300e+00  5.2750e+01
 8.9400e+00  5.3272e+01
 8.9500e+00  5.3794e+01
 8.9600e+00  5.4318e+01
 8.9700e+00  5.4843e+01
 8.9800e+00  5.5369e+01
 8.9900e+00  5.5896e+01
 9.0000e+00  5.6425e+01
 9.0100e+00  5.6955e+01
 9.0200e+00  5.7485e+01
 9.0300e+00  5.8017e+01
 9.0400e+00  5.8550e+01
 9.0500e+00  5.9085e+01
 9.0600e+00  5.9620e+01
 9.0700e+00  6.0156e+01
 9.0800e+00  6.0694e+01
 9.0900e+00  6.1233e+01
 9.1000e+00  6.1773e+01
 9.1100e+00  6.2314e+01
 9.1200e+00  6.2857e+01
 9.1300e+00  6.3400e+01
 9.1400e+00  6.3945e+01
 9.1500e+00  6.4491e+01
 9.1600e+00  6.5038e+01
 9.1700e+00  6.5586e+01
 9.1800e+00  6.6135e+01
 9.1900e+00  6.6686e+01
 9.2000e+00  6.7237e+01
 9.2100e+00  6.7790e+01
 9.2200e+00  6.8344e+01
 9.2300e+00  6.8899e+01
 9.2400e+00  6.9455e+01
 9.2500e+00  7.0013e+01
 9.2600e+00  7.0571e+01
 9.2700e+00  7.1131e+01
 9.2800e+00  7.1692e+01
 9.2900e+00  7.2253e+01
 9.3000e+00  7.2816e+01
 9.3100e+00  7.3380e+01
 9.3200e+00  7.3945e+01
 9.3300e+00  7.4512e+01
 9.3400e+00  7.5079e+01
 9.3500e+00  7.5647e+01
 9.3600e+00  7.6216e+01
 9.3700e+00  7.6786e+01
 9.3800e+00  7.7358e+01
 9.3900e+00  7.7930e+01
 9.4000e+00  7.8502e+01
 9.4100e+00  7.9076e+01
 9.4200e+00  7.9650e+01
 9.4300e+00  8.0225e+01
 9.4400e+00  8.0801e+01
 9.4500e+00  8.1377e+01
 9.4600e+00  8.1953e+01
 9.4700e+00  8.2529e+01
 9.4800e+00  8.3105e+01
 9.4900e+00  8.3680e+01
 9.5000e+00  8.4255e+01
 9.5100e+00  8.4829e+01
 9.5200e+00  8.5402e+01
 9.5300e+00  8.5973e+01
 9.5400e+00  8.6541e+01
 9.5500e+00  8.7107e+01
 9.5600e+00  8.7669e+01
 9.5700e+00  8.8227e+01
 9.5800e+00  8.8780e+01
 9.5900e+00  8.9328e+01
 9.6000e+00  8.9869e+01
 9.6100e+00  9.0403e+01
 9.6200e+00  9.0930e+01
 9.6300e+00  9.1449e+01
 9.6400e+00  9.1959e+01
 9.6500e+00  9.2460e+01
 9.6600e+00  9.2952e+01
 9.6700e+00  9.3436e+01
 9.6800e+00  9.3911e+01
 9.6900e+00  9.4378e+01
 9.7000e+00  9.4837e+01
 9.7100e+00  9.5289e+01
 9.7200e+00  9.5735e+01
 9.7300e+00  9.6176e+01
 9.7400e+00  9.6611e+01
 9.7500e+00  9.7042e+01
 9.7600e+00  9.7470e+01
 9.7700e+00  9.7894e+01
 9.7800e+00  9.8316e+01
 9.7900e+00  9.8737e+01
 9.8000e+00  9.9155e+01
 9.8100e+00  9.9573e+01
 9.8200e+00  9.9989e+01
 9.8300e+00  1.0041e+02
 9.8400e+00  1.0082e+02
 9.8500e+00  1.0124e+02
 9.8600e+00  1.0165e+02
 9.8700e+00  1.0207e+02
 9.8800e+00  1.0248e+02
 9.8900e+00  1.0290e+02
 9.9000e+00  1.0331e+02
 9.9100e+00  1.0373e+02
 9.9200e+00  1.0415e+02
 9.9300e+00  1.0457e+02
 9.9400e+00  1.0499e+02
 9.9500e+00  1.0540e+02
 9.9600e+00  1.0582e+02
 9.9700e+00  1.0625e+02
 9.9800e+00  1.0667e+02
 9.9900e+00  1.0709e+02
 1.0000e+01  1.0751e+02
