# New G.A.S. format
# filter of NIKA2_1mm
# After the "START" signal, the file is bild as follow:
# Filter name
# nwave: number of wavelenght
# center wavelenght [micron]
# and for l=1 to nwave, lambda [micron] | transmission [without unit]
START
NIKA2_1mm
086
1300.00000
748.93826   0.0000000
755.02714   0.0000000
761.21590   0.0000000
767.50695   0.0000000
773.90285   0.0000000
780.40624   0.0000000
787.01986   0.0000000
793.74654   0.0000000
800.58913   0.0000000
807.55078   0.0000000
814.63457   0.0000000
821.84374   0.0000000
829.18164   0.0000000
836.65175   0.0000000
844.25769   0.0000000
852.00311   0.0000000
859.89204   0.0000000
867.92842   0.0000000
876.11644   0.0000000
884.46042   0.0000000
892.96486   0.0000000
901.63435   0.0000000
910.47391   0.0000000
919.48852   0.0000000
928.68342   0.0000000
938.06407   0.0000000
947.63617   0.0000000
957.40563   0.0000000
967.37852   0.0000000
977.56147   0.0000000
987.96107   0.0000000
998.58433   0.0000000
1009.43852   0.0907042
1020.53127   0.1318366
1031.87052   0.1433236
1043.46448   0.3106057
1055.32204   0.3665318
1067.45220   0.5095354
1079.86445   0.6252980
1092.56876   0.7351198
1105.57555   0.8010910
1118.89563   0.8278199
1132.54071   0.9483415
1146.52272   0.9690599
1160.85427   0.9917695
1175.54865   1.0000000
1190.61974   0.8215382
1206.08235   0.8825701
1221.95188   0.7541118
1238.24460   0.7636565
1254.97758   0.6290035
1272.16907   0.5466409
1289.83811   0.4696536
1308.00479   0.3431695
1326.69060   0.2689417
1345.91802   0.3021744
1365.71087   0.2249170
1386.09464   0.1504708
1407.09611   0.0471362
1428.74377   0.1445659
1451.06782   0.0684911
1474.10067   0.0627933
1497.87653   0.0064857
1522.43180   0.0537812
1547.80570   0.0000000
1574.03973   0.0000000
1601.17825   0.0000000
1629.26914   0.0000000
1658.36327   0.0000000
1688.51538   0.0000000
1719.78408   0.0000000
1752.23288   0.0000000
1785.92971   0.0000000
1820.94783   0.0000000
1857.36684   0.0000000
1895.27234   0.0000000
1934.75704   0.0000000
1975.92215   0.0000000
2018.87704   0.0000000
2063.74104   0.0000000
2110.64409   0.0000000
2159.72890   0.0000000
2211.15109   0.0000000
2265.08143   0.0000000
2321.70854   0.0000000
2381.23948   0.0000000
