# New G.A.S. format
# In this file, each line of the header is starting by #
#    data are saved after the keyword START
# total SN(SNIa + SNII) [nb/Gyr/Msun] rates are given as a function of the stellar age
#    for an instantaneous bursts (SSP) of 1Msun
#    following a Kroupa+93 IMF (Mmin = 0.1, Mmax = 100 Msun)
#    and for a set of initial metallicities
# At a given age, the normalization is done for M*_liv + M_rem = 1Msun
# This data file has build as follow:
# nAgeBins nMetBins (here 7)
# List of metalicity bins: MetBins
# And for each following data line : AgeBin(i), SN rate(i,1:nMetBins)
START
115 7
      0.0000      0.0001      0.0004      0.004      0.008      0.02      0.05
   0.000000e+00   0.000000e+00   0.000000e+00   0.000000e+00   0.000000e+00   0.000000e+00   0.000000e+00   0.000000e+00
   2.089300e-03   0.000000e+00   0.000000e+00   0.000000e+00   0.000000e+00   0.000000e+00   0.000000e+00   0.000000e+00
   4.168700e-03   1.411574e-01   1.416847e-01   1.498658e-01   1.660912e-01   1.203392e-01   1.391580e-01   2.764543e-01
   6.309600e-03   1.523817e-01   1.516682e-01   1.552030e-01   1.628046e-01   1.762222e-01   1.660633e-01   3.312743e-01
   8.317600e-03   1.477061e-01   1.472084e-01   1.492999e-01   1.539317e-01   1.667916e-01   2.041552e-01   2.504630e-01
   1.047100e-02   1.705939e-01   1.701484e-01   1.727714e-01   1.783431e-01   1.464870e-01   1.744962e-01   2.230934e-01
   1.258900e-02   1.483210e-01   1.480537e-01   1.506997e-01   1.562182e-01   1.544587e-01   1.857409e-01   2.299706e-01
   1.513600e-02   1.576468e-01   1.574495e-01   1.604960e-01   1.667776e-01   1.428423e-01   1.585601e-01   1.947416e-01
   1.737800e-02   1.517976e-01   1.516451e-01   1.478281e-01   1.428313e-01   1.455365e-01   1.609802e-01   1.940592e-01
   1.995300e-02   1.569820e-01   1.568425e-01   1.520326e-01   1.456347e-01   1.483222e-01   1.421740e-01   1.933757e-01
   2.290900e-02   1.409744e-01   1.408461e-01   1.367488e-01   1.313119e-01   1.342001e-01   1.416792e-01   1.926954e-01
   2.511900e-02   1.422249e-01   1.420710e-01   1.375631e-01   1.315390e-01   1.344628e-01   1.413380e-01   1.610152e-01
   2.754200e-02   1.435037e-01   1.433003e-01   1.383768e-01   1.317632e-01   1.347224e-01   1.409944e-01   1.584445e-01
   3.000000e-02   1.447162e-01   1.444411e-01   1.391277e-01   1.319660e-01   1.349579e-01   1.406704e-01   0.000000e+00
   3.200000e-02   1.456453e-01   1.452972e-01   1.396875e-01   1.321122e-01   1.351286e-01   1.228397e-01   6.611271e-05
   3.400000e-02   1.375306e-01   1.371254e-01   1.402086e-01   1.322452e-01   1.352844e-01   1.217368e-01   1.208923e-04
   3.700000e-02   1.379289e-01   1.374058e-01   1.306667e-01   1.215745e-01   1.193580e-01   1.202247e-01   1.905104e-04
   3.900000e-02   1.381826e-01   1.375875e-01   1.305966e-01   1.211709e-01   1.187631e-01   1.192964e-01   2.300893e-04
   4.250000e-02   3.550033e-05   3.531734e-05   0.000000e+00   1.205271e-01   1.178096e-01   3.993814e-05   2.601760e-04
   4.500000e-02   9.591552e-05   9.536836e-05   6.569601e-05   2.521437e-05   3.382789e-05   8.149075e-05   2.887618e-04
   4.750000e-02   1.498327e-04   1.489003e-04   1.157196e-04   7.057163e-05   7.597158e-05   1.181678e-04   3.135914e-04
   5.000000e-02   1.981856e-04   1.968553e-04   1.604727e-04   1.110727e-04   1.135310e-04   1.507097e-04   3.352763e-04
   5.250000e-02   2.206804e-04   2.190970e-04   2.006923e-04   1.474049e-04   1.471593e-04   1.797173e-04   3.543087e-04
   5.500000e-02   2.530176e-04   2.511048e-04   2.174525e-04   1.801312e-04   1.773955e-04   1.906045e-04   3.710855e-04
   5.708800e-02   2.776210e-04   2.754491e-04   2.406075e-04   1.917480e-04   1.844356e-04   2.073108e-04   3.574871e-04
   6.405400e-02   3.468232e-04   3.438580e-04   3.055671e-04   2.521316e-04   2.380384e-04   2.535711e-04   3.842346e-04
   7.187000e-02   4.223750e-04   4.186331e-04   3.635863e-04   3.038682e-04   2.836252e-04   2.924741e-04   4.052232e-04
   8.063900e-02   4.789919e-04   4.747513e-04   4.122605e-04   3.336347e-04   3.051192e-04   2.965406e-04   4.212062e-04
   9.047800e-02   5.276256e-04   5.229881e-04   4.536448e-04   3.667867e-04   3.325975e-04   3.167235e-04   3.918292e-04
   1.015200e-01   5.016248e-04   4.972799e-04   4.426818e-04   3.942719e-04   3.549922e-04   3.325835e-04   3.942551e-04
   1.139100e-01   5.234269e-04   5.189634e-04   4.620097e-04   3.871027e-04   3.729362e-04   3.446833e-04   3.942289e-04
   1.278000e-01   5.408706e-04   5.363213e-04   4.772404e-04   3.998099e-04   3.631625e-04   3.279696e-04   3.921490e-04
   1.434000e-01   5.546000e-04   5.499844e-04   4.889666e-04   4.092916e-04   3.705584e-04   3.309553e-04   3.883672e-04
   1.609000e-01   5.532778e-04   5.487031e-04   4.930348e-04   4.159918e-04   3.754206e-04   3.319322e-04   3.831930e-04
   1.805300e-01   5.595503e-04   5.549851e-04   4.761515e-04   4.203212e-04   3.781276e-04   3.312225e-04   3.498870e-04
   2.025600e-01   5.635603e-04   5.590951e-04   4.771385e-04   3.805101e-04   3.317819e-04   3.291084e-04   3.410820e-04
   2.272700e-01   5.656469e-04   5.613838e-04   4.765331e-04   3.772271e-04   3.268757e-04   2.922879e-04   3.318169e-04
   2.550000e-01   5.661119e-04   5.621723e-04   4.746160e-04   3.729143e-04   3.211836e-04   2.858304e-04   3.222268e-04
   2.861200e-01   5.432436e-04   5.398966e-04   4.716328e-04   3.677717e-04   3.148740e-04   2.789076e-04   3.124256e-04
   3.210300e-01   5.391123e-04   5.363153e-04   4.385957e-04   3.619818e-04   3.080921e-04   2.716453e-04   3.025078e-04
   3.602000e-01   5.342071e-04   5.320586e-04   4.316676e-04   3.556903e-04   3.009602e-04   2.641436e-04   2.925564e-04
   4.041500e-01   4.331524e-04   4.320103e-04   4.243742e-04   3.156395e-04   2.935807e-04   2.564876e-04   2.760990e-04
   4.534700e-01   4.203791e-04   4.198298e-04   4.168193e-04   3.067755e-04   2.685699e-04   2.487523e-04   2.660318e-04
   5.088000e-01   4.077241e-04   4.077939e-04   3.849403e-04   2.979141e-04   2.601081e-04   2.394066e-04   2.561435e-04
   5.708800e-01   3.952275e-04   3.959436e-04   3.755923e-04   2.891064e-04   2.517153e-04   2.316225e-04   2.464656e-04
   6.405400e-01   3.829207e-04   3.843159e-04   3.663018e-04   3.334123e-04   2.434304e-04   2.239207e-04   2.370226e-04
   7.187000e-01   3.708288e-04   3.729390e-04   3.571105e-04   3.280763e-04   2.994013e-04   2.163349e-04   2.762599e-04
   8.064000e-01   3.589749e-04   3.618327e-04   3.480524e-04   3.226445e-04   2.953911e-04   2.515781e-04   2.694249e-04
   9.047900e-01   3.474039e-04   3.509950e-04   3.391553e-04   3.171683e-04   2.912629e-04   2.466074e-04   2.626340e-04
   1.015200e+00   3.361232e-04   3.404467e-04   3.304260e-04   3.116837e-04   2.870575e-04   2.416041e-04   2.559222e-04
   1.139100e+00   3.251395e-04   3.301944e-04   3.218856e-04   3.062218e-04   2.828122e-04   2.366020e-04   2.493219e-04
   1.278100e+00   3.144513e-04   3.202194e-04   3.135465e-04   3.008136e-04   2.785554e-04   2.316341e-04   2.428521e-04
   1.434000e+00   3.040640e-04   3.105271e-04   3.053958e-04   2.954746e-04   2.743118e-04   2.267221e-04   2.365315e-04
   1.609000e+00   2.589742e-04   2.652645e-04   2.974337e-04   2.902018e-04   2.700949e-04   2.218805e-04   2.303668e-04
   1.680000e+00   2.363811e-04   2.423897e-04   2.819672e-04   2.882062e-04   2.684884e-04   2.200630e-04   2.280762e-04
   1.700000e+00   2.305375e-04   2.364684e-04   2.749084e-04   2.876576e-04   2.680457e-04   2.195648e-04   2.274496e-04
   1.800000e+00   2.042970e-04   2.098653e-04   2.432525e-04   2.850460e-04   2.659388e-04   2.171894e-04   2.244646e-04
   1.900000e+00   1.822234e-04   1.874571e-04   2.166670e-04   2.825936e-04   2.639535e-04   2.149639e-04   2.216763e-04
   2.000000e+00   1.634882e-04   1.684137e-04   1.941365e-04   2.540131e-04   2.620776e-04   2.128685e-04   2.190650e-04
   2.100000e+00   1.474524e-04   1.520943e-04   1.748799e-04   2.277206e-04   2.603030e-04   2.108917e-04   2.166084e-04
   2.200000e+00   1.043161e-04   1.077361e-04   1.583006e-04   2.051873e-04   2.406144e-04   2.090220e-04   2.142927e-04
   2.300000e+00   9.599730e-05   9.923838e-05   1.439258e-04   1.857427e-04   2.175107e-04   2.072514e-04   2.121061e-04
   2.400000e+00   8.865354e-05   9.173026e-05   9.551551e-05   1.688520e-04   1.974744e-04   2.055675e-04   2.030030e-04
   2.500000e+00   8.213763e-05   8.506297e-05   8.866442e-05   1.540960e-04   1.799977e-04   2.039663e-04   1.861677e-04
   2.600000e+00   7.632702e-05   7.911241e-05   8.254473e-05   1.411320e-04   1.646664e-04   1.960892e-04   1.713141e-04
   2.750000e+00   6.872389e-05   7.131851e-05   7.452155e-05   8.022043e-05   1.449939e-04   1.734590e-04   1.521159e-04
   3.000000e+00   5.562700e-05   5.783710e-05   6.359260e-05   6.869319e-05   6.240695e-05   1.434385e-04   1.265272e-04
   3.250000e+00   4.805377e-05   5.004462e-05   5.188277e-05   5.955586e-05   5.467736e-05   1.204403e-04   1.068131e-04
   3.500000e+00   4.196213e-05   4.376546e-05   4.548441e-05   5.218222e-05   4.837783e-05   1.024535e-04   6.981889e-05
   3.750000e+00   3.698456e-05   3.862622e-05   4.023738e-05   4.299572e-05   4.316699e-05   6.158896e-05   6.148144e-05
   4.000000e+00   3.182536e-05   3.327927e-05   3.587639e-05   3.845958e-05   3.880183e-05   5.479307e-05   5.458729e-05
   4.250000e+00   2.852696e-05   2.986314e-05   3.157560e-05   3.463553e-05   3.991774e-05   4.909490e-05   4.881678e-05
   4.500000e+00   2.572971e-05   2.696235e-05   2.854786e-05   3.137851e-05   3.613140e-05   4.426611e-05   4.158526e-05
   4.750000e+00   2.333590e-05   2.447694e-05   2.595055e-05   2.857982e-05   3.288089e-05   3.201228e-05   3.773511e-05
   5.000000e+00   2.127006e-05   2.232964e-05   2.370441e-05   2.615841e-05   3.006812e-05   2.941943e-05   3.441240e-05
   5.250000e+00   1.947428e-05   2.046106e-05   2.174804e-05   2.404313e-05   2.761589e-05   2.714823e-05   3.152394e-05
   5.500000e+00   0.000000e+00   0.000000e+00   2.003241e-05   2.218562e-05   2.546417e-05   2.514614e-05   2.899554e-05
   5.750000e+00   0.000000e+00   0.000000e+00   1.851908e-05   2.054479e-05   2.164753e-05   2.337137e-05   2.676912e-05
   6.000000e+00   0.000000e+00   0.000000e+00   1.717691e-05   1.908772e-05   2.015108e-05   2.178938e-05   2.065197e-05
   6.250000e+00   0.000000e+00   0.000000e+00   0.000000e+00   1.778703e-05   1.881296e-05   2.037264e-05   1.929618e-05
   6.500000e+00   0.000000e+00   0.000000e+00   0.000000e+00   1.662081e-05   1.761104e-05   1.909828e-05   1.807740e-05
   6.750000e+00   0.000000e+00   0.000000e+00   0.000000e+00   1.557077e-05   1.652700e-05   1.794730e-05   1.697729e-05
   7.000000e+00   0.000000e+00   0.000000e+00   0.000000e+00   1.462163e-05   1.554567e-05   1.731753e-05   1.598051e-05
   7.250000e+00   0.000000e+00   0.000000e+00   0.000000e+00   0.000000e+00   1.465387e-05   1.633577e-05   1.507433e-05
   7.500000e+00   0.000000e+00   0.000000e+00   0.000000e+00   0.000000e+00   1.384088e-05   1.544015e-05   1.424751e-05
   7.750000e+00   0.000000e+00   0.000000e+00   0.000000e+00   0.000000e+00   1.309744e-05   1.462061e-05   1.349091e-05
   8.000000e+00   0.000000e+00   0.000000e+00   0.000000e+00   0.000000e+00   1.241565e-05   1.386853e-05   1.279659e-05
   8.250000e+00   0.000000e+00   0.000000e+00   0.000000e+00   0.000000e+00   1.178868e-05   1.317650e-05   1.215772e-05
   8.500000e+00   0.000000e+00   0.000000e+00   0.000000e+00   0.000000e+00   0.000000e+00   1.253825e-05   1.156836e-05
   8.750000e+00   0.000000e+00   0.000000e+00   0.000000e+00   0.000000e+00   0.000000e+00   1.194796e-05   1.102341e-05
   9.000000e+00   0.000000e+00   0.000000e+00   0.000000e+00   0.000000e+00   0.000000e+00   1.140090e-05   0.000000e+00
   9.250000e+00   0.000000e+00   0.000000e+00   0.000000e+00   0.000000e+00   0.000000e+00   1.089285e-05   0.000000e+00
   9.500000e+00   0.000000e+00   0.000000e+00   0.000000e+00   0.000000e+00   0.000000e+00   1.042007e-05   0.000000e+00
   9.750000e+00   0.000000e+00   0.000000e+00   0.000000e+00   0.000000e+00   0.000000e+00   9.979281e-06   0.000000e+00
   1.000000e+01   0.000000e+00   0.000000e+00   0.000000e+00   0.000000e+00   0.000000e+00   9.567583e-06   0.000000e+00
   1.025000e+01   0.000000e+00   0.000000e+00   0.000000e+00   0.000000e+00   0.000000e+00   9.182397e-06   0.000000e+00
   1.050000e+01   0.000000e+00   0.000000e+00   0.000000e+00   0.000000e+00   0.000000e+00   0.000000e+00   0.000000e+00
   1.075000e+01   0.000000e+00   0.000000e+00   0.000000e+00   0.000000e+00   0.000000e+00   0.000000e+00   0.000000e+00
   1.100000e+01   0.000000e+00   0.000000e+00   0.000000e+00   0.000000e+00   0.000000e+00   0.000000e+00   0.000000e+00
   1.125000e+01   0.000000e+00   0.000000e+00   0.000000e+00   0.000000e+00   0.000000e+00   0.000000e+00   0.000000e+00
   1.150000e+01   0.000000e+00   0.000000e+00   0.000000e+00   0.000000e+00   0.000000e+00   0.000000e+00   0.000000e+00
   1.175000e+01   0.000000e+00   0.000000e+00   0.000000e+00   0.000000e+00   0.000000e+00   0.000000e+00   0.000000e+00
   1.200000e+01   0.000000e+00   0.000000e+00   0.000000e+00   0.000000e+00   0.000000e+00   0.000000e+00   0.000000e+00
   1.225000e+01   0.000000e+00   0.000000e+00   0.000000e+00   0.000000e+00   0.000000e+00   0.000000e+00   0.000000e+00
   1.250000e+01   0.000000e+00   0.000000e+00   0.000000e+00   0.000000e+00   0.000000e+00   0.000000e+00   0.000000e+00
   1.275000e+01   0.000000e+00   0.000000e+00   0.000000e+00   0.000000e+00   0.000000e+00   0.000000e+00   0.000000e+00
   1.300000e+01   0.000000e+00   0.000000e+00   0.000000e+00   0.000000e+00   0.000000e+00   0.000000e+00   0.000000e+00
   1.325000e+01   0.000000e+00   0.000000e+00   0.000000e+00   0.000000e+00   0.000000e+00   0.000000e+00   0.000000e+00
   1.350000e+01   0.000000e+00   0.000000e+00   0.000000e+00   0.000000e+00   0.000000e+00   0.000000e+00   0.000000e+00
   1.375000e+01   0.000000e+00   0.000000e+00   0.000000e+00   0.000000e+00   0.000000e+00   0.000000e+00   0.000000e+00
   1.400000e+01   0.000000e+00   0.000000e+00   0.000000e+00   0.000000e+00   0.000000e+00   0.000000e+00   0.000000e+00
   1.425000e+01   0.000000e+00   0.000000e+00   0.000000e+00   0.000000e+00   0.000000e+00   0.000000e+00   0.000000e+00
   1.450000e+01   0.000000e+00   0.000000e+00   0.000000e+00   0.000000e+00   0.000000e+00   0.000000e+00   0.000000e+00
   1.475000e+01   0.000000e+00   0.000000e+00   0.000000e+00   0.000000e+00   0.000000e+00   0.000000e+00   0.000000e+00
   1.500000e+01   0.000000e+00   0.000000e+00   0.000000e+00   0.000000e+00   0.000000e+00   0.000000e+00   0.000000e+00
