# New G.A.S. format
# In this file, each line of the header is starting by #
#    data are saved after the keyword START
# total SN(SNIa + SNII) [nb/Gyr/Msun] rates are given as a function of the stellar age
#    for an instantaneous bursts (SSP) of 1Msun
#    following a Salpeter+55 IMF (Mmin = 0.1, Mmax = 100 Msun)
#    and for a set of initial metallicities
# At a given age, the normalization is done for M*_liv + M_rem = 1Msun
# This data file has build as follow:
# nAgeBins nMetBins (here 7)
# List of metalicity bins: MetBins
# And for each following data line : AgeBin(i), SN rate(i,1:nMetBins)
START
115 7
      0.0000      0.0001      0.0004      0.004      0.008      0.02      0.05
   0.000000e+00   0.000000e+00   0.000000e+00   0.000000e+00   0.000000e+00   0.000000e+00   0.000000e+00   0.000000e+00
   2.089300e-03   0.000000e+00   0.000000e+00   0.000000e+00   0.000000e+00   0.000000e+00   0.000000e+00   0.000000e+00
   4.168700e-03   3.298306e-01   3.328471e-01   3.525858e-01   3.922558e-01   2.840921e-01   3.276195e-01   5.909900e-01
   6.309600e-03   2.942138e-01   2.911200e-01   2.985798e-01   3.172986e-01   3.399128e-01   3.105317e-01   5.752391e-01
   8.317600e-03   2.596353e-01   2.575895e-01   2.618467e-01   2.730638e-01   2.932042e-01   3.485851e-01   3.986398e-01
   1.047100e-02   2.791878e-01   2.773457e-01   2.822186e-01   2.944302e-01   2.399194e-01   2.792531e-01   3.349524e-01
   1.258900e-02   2.316347e-01   2.304033e-01   2.350516e-01   2.463467e-01   2.420473e-01   2.838560e-01   3.316614e-01
   1.513600e-02   2.350470e-01   2.339916e-01   2.390037e-01   2.510141e-01   2.142276e-01   2.327684e-01   2.706300e-01
   1.737800e-02   2.190567e-01   2.181487e-01   2.133354e-01   2.087798e-01   2.119507e-01   2.296246e-01   2.629130e-01
   1.995300e-02   2.193286e-01   2.184514e-01   2.126590e-01   2.066872e-01   2.097417e-01   1.973330e-01   2.553727e-01
   2.290900e-02   1.911322e-01   1.903579e-01   1.857687e-01   1.812364e-01   1.846350e-01   1.917272e-01   2.480185e-01
   2.511900e-02   1.891985e-01   1.883855e-01   1.834428e-01   1.783693e-01   1.817440e-01   1.880388e-01   2.041584e-01
   2.754200e-02   1.872993e-01   1.864088e-01   1.811236e-01   1.755299e-01   1.788798e-01   1.844051e-01   1.979834e-01
   3.000000e-02   1.855644e-01   1.845632e-01   1.789705e-01   1.729141e-01   1.762402e-01   1.810754e-01   0.000000e+00
   3.200000e-02   1.842664e-01   1.831553e-01   1.773378e-01   1.709457e-01   1.742535e-01   1.562615e-01   1.030948e-04
   3.400000e-02   1.718379e-01   1.706800e-01   1.758018e-01   1.691049e-01   1.723951e-01   1.533243e-01   1.871660e-04
   3.700000e-02   1.695035e-01   1.681807e-01   1.611980e-01   1.530373e-01   1.498444e-01   1.493310e-01   2.919920e-04
   3.900000e-02   1.680670e-01   1.666485e-01   1.594918e-01   1.510836e-01   1.477322e-01   1.468998e-01   3.504335e-04
   4.250000e-02   5.419880e-05   5.368495e-05   0.000000e+00   1.479623e-01   1.443615e-01   6.193636e-05   3.924520e-04
   4.500000e-02   1.452147e-04   1.437415e-04   9.981320e-05   3.909818e-05   5.240386e-05   1.254935e-04   4.328121e-04
   4.750000e-02   2.250436e-04   2.226211e-04   1.744543e-04   1.086352e-04   1.168632e-04   1.807667e-04   4.672003e-04
   5.000000e-02   2.954122e-04   2.920613e-04   2.401368e-04   1.697970e-04   1.734699e-04   2.290886e-04   4.966445e-04
   5.250000e-02   3.266218e-04   3.227397e-04   2.982038e-04   2.238466e-04   2.234142e-04   2.715304e-04   5.219637e-04
   5.500000e-02   3.720892e-04   3.675001e-04   3.210345e-04   2.718102e-04   2.676683e-04   2.863976e-04   5.438130e-04
   5.708800e-02   4.061673e-04   4.010342e-04   3.534279e-04   2.879065e-04   2.769782e-04   3.101446e-04   5.217033e-04
   6.405400e-02   4.993228e-04   4.925927e-04   4.418550e-04   3.729661e-04   3.524347e-04   3.742555e-04   5.539136e-04
   7.187000e-02   5.981001e-04   5.898189e-04   5.174615e-04   4.427752e-04   4.139510e-04   4.258200e-04   5.769616e-04
   8.063900e-02   6.666761e-04   6.574298e-04   5.773003e-04   4.789312e-04   4.390373e-04   4.261478e-04   5.922090e-04
   9.047800e-02   7.215591e-04   7.115780e-04   6.248489e-04   5.187335e-04   4.719322e-04   4.493151e-04   5.439910e-04
   1.015200e-01   6.745126e-04   6.652495e-04   5.996096e-04   5.492138e-04   4.966019e-04   4.656717e-04   5.409499e-04
   1.139100e-01   6.924382e-04   6.830029e-04   6.161216e-04   5.310954e-04   5.142181e-04   4.762310e-04   5.344880e-04
   1.278000e-01   7.037174e-04   6.941884e-04   6.264234e-04   5.405648e-04   4.938092e-04   4.474220e-04   5.252638e-04
   1.434000e-01   7.094337e-04   6.998671e-04   6.315168e-04   5.451974e-04   4.967919e-04   4.457320e-04   5.138321e-04
   1.609000e-01   6.957383e-04   6.863705e-04   6.263570e-04   5.457764e-04   4.961232e-04   4.412524e-04   5.006893e-04
   1.805300e-01   6.915500e-04   6.822879e-04   5.953109e-04   5.429995e-04   4.924412e-04   4.345110e-04   4.517252e-04
   2.025600e-01   6.843228e-04   6.752831e-04   5.869126e-04   4.845291e-04   4.260124e-04   4.259593e-04   4.350999e-04
   2.272700e-01   6.746263e-04   6.659261e-04   5.765322e-04   4.734120e-04   4.141574e-04   3.736302e-04   4.181560e-04
   2.550000e-01   6.629450e-04   6.547090e-04   5.645994e-04   4.611264e-04   4.014735e-04   3.608092e-04   4.010822e-04
   2.861200e-01   6.246492e-04   6.172953e-04   5.514855e-04   4.479757e-04   3.882099e-04   3.476040e-04   3.840358e-04
   3.210300e-01   6.087239e-04   6.020349e-04   5.042083e-04   4.342294e-04   3.745793e-04   3.341951e-04   3.671466e-04
   3.602000e-01   5.921471e-04   5.861880e-04   4.880072e-04   4.200969e-04   3.607534e-04   3.207213e-04   3.505201e-04
   4.041500e-01   4.714090e-04   4.671741e-04   4.716683e-04   3.673599e-04   3.468734e-04   3.072985e-04   3.265528e-04
   4.534700e-01   4.504348e-04   4.468476e-04   4.553295e-04   3.518652e-04   3.129207e-04   2.940238e-04   3.105968e-04
   5.088000e-01   4.300527e-04   4.271072e-04   4.134792e-04   3.366745e-04   2.988522e-04   2.791405e-04   2.951543e-04
   5.708800e-01   4.102994e-04   4.079888e-04   3.967046e-04   3.218461e-04   2.851368e-04   2.663543e-04   2.802535e-04
   6.405400e-01   3.911999e-04   3.895202e-04   3.803448e-04   3.650023e-04   2.718158e-04   2.539117e-04   2.659134e-04
   7.187000e-01   3.727719e-04   3.717192e-04   3.644413e-04   3.526616e-04   3.290069e-04   2.418480e-04   3.051508e-04
   8.064000e-01   3.550268e-04   3.545931e-04   3.490238e-04   3.404507e-04   3.185940e-04   2.768870e-04   2.927079e-04
   9.047900e-01   3.379883e-04   3.381314e-04   3.341145e-04   3.284319e-04   3.082367e-04   2.667140e-04   2.805748e-04
   1.015200e+00   3.216471e-04   3.223352e-04   3.197128e-04   3.166456e-04   2.979870e-04   2.567083e-04   2.687844e-04
   1.139100e+00   3.059939e-04   3.071961e-04   3.058290e-04   3.051254e-04   2.878907e-04   2.469086e-04   2.573648e-04
   1.278100e+00   2.910139e-04   2.926891e-04   2.924668e-04   2.939024e-04   2.779835e-04   2.373503e-04   2.463314e-04
   1.434000e+00   2.766963e-04   2.788052e-04   2.796101e-04   2.829929e-04   2.682936e-04   2.280556e-04   2.356961e-04
   1.609000e+00   2.338423e-04   2.360701e-04   2.672447e-04   2.723894e-04   2.588317e-04   2.190324e-04   2.254538e-04
   1.680000e+00   2.133020e-04   2.154827e-04   2.523540e-04   2.684667e-04   2.553186e-04   2.157025e-04   2.216979e-04
   1.700000e+00   2.079920e-04   2.101576e-04   2.459624e-04   2.673969e-04   2.543594e-04   2.147952e-04   2.206759e-04
   1.800000e+00   1.841559e-04   1.862452e-04   2.173136e-04   2.622973e-04   2.497826e-04   2.104703e-04   2.158122e-04
   1.900000e+00   1.641219e-04   1.661292e-04   1.932847e-04   2.575466e-04   2.455090e-04   2.064456e-04   2.112985e-04
   2.000000e+00   1.471313e-04   1.490546e-04   1.729461e-04   2.310247e-04   2.415052e-04   2.026842e-04   2.070956e-04
   2.100000e+00   1.326002e-04   1.344401e-04   1.555841e-04   2.068201e-04   2.377448e-04   1.991588e-04   2.031659e-04
   2.200000e+00   9.374182e-05   9.511438e-05   1.406535e-04   1.861011e-04   2.190402e-04   1.958453e-04   1.994818e-04
   2.300000e+00   8.622052e-05   8.753219e-05   1.277232e-04   1.682428e-04   1.977497e-04   1.927240e-04   1.960198e-04
   2.400000e+00   7.958442e-05   8.083868e-05   8.466197e-05   1.527479e-04   1.793049e-04   1.897739e-04   1.867635e-04
   2.500000e+00   7.369937e-05   7.489959e-05   7.852429e-05   1.392261e-04   1.632322e-04   1.869821e-04   1.710829e-04
   2.600000e+00   6.845406e-05   6.960334e-05   7.304609e-05   1.273598e-04   1.491465e-04   1.789640e-04   1.572598e-04
   2.750000e+00   6.159430e-05   6.267274e-05   6.586978e-05   7.226587e-05   1.310922e-04   1.580582e-04   1.394112e-04
   3.000000e+00   4.980439e-05   5.073207e-05   5.610666e-05   6.177260e-05   5.625986e-05   1.303655e-04   1.156563e-04
   3.250000e+00   4.298558e-05   4.382706e-05   4.569812e-05   5.346836e-05   4.922183e-05   1.091933e-04   9.739278e-05
   3.500000e+00   3.750606e-05   3.827231e-05   4.000372e-05   4.677680e-05   4.349288e-05   9.266693e-05   6.351001e-05
   3.750000e+00   3.303275e-05   3.373317e-05   3.534074e-05   3.848644e-05   3.875955e-05   5.558023e-05   5.583002e-05
   4.000000e+00   2.840568e-05   2.902797e-05   3.147055e-05   3.438261e-05   3.479881e-05   4.937399e-05   4.948853e-05
   4.250000e+00   2.544653e-05   2.601981e-05   2.766514e-05   3.092690e-05   3.575929e-05   4.417669e-05   4.418810e-05
   4.500000e+00   2.293877e-05   2.346864e-05   2.498523e-05   2.798685e-05   3.232794e-05   3.977779e-05   3.758630e-05
   4.750000e+00   2.079411e-05   2.128534e-05   2.268891e-05   2.546314e-05   2.938538e-05   2.872920e-05   3.406060e-05
   5.000000e+00   1.894448e-05   1.940119e-05   2.070522e-05   2.328176e-05   2.684169e-05   2.637621e-05   3.102153e-05
   5.250000e+00   1.733760e-05   1.776334e-05   1.897920e-05   2.137804e-05   2.462631e-05   2.431693e-05   2.838262e-05
   5.500000e+00   0.000000e+00   0.000000e+00   1.746710e-05   1.970784e-05   2.268428e-05   2.250321e-05   2.607528e-05
   5.750000e+00   0.000000e+00   0.000000e+00   1.613455e-05   1.823377e-05   1.926531e-05   2.089671e-05   2.404568e-05
   6.000000e+00   0.000000e+00   0.000000e+00   1.495378e-05   1.692587e-05   1.791794e-05   1.946587e-05   1.853052e-05
   6.250000e+00   0.000000e+00   0.000000e+00   0.000000e+00   1.575933e-05   1.671410e-05   1.818548e-05   1.729878e-05
   6.500000e+00   0.000000e+00   0.000000e+00   0.000000e+00   1.471422e-05   1.563363e-05   1.703462e-05   1.619242e-05
   6.750000e+00   0.000000e+00   0.000000e+00   0.000000e+00   1.377394e-05   1.465985e-05   1.599592e-05   1.519457e-05
   7.000000e+00   0.000000e+00   0.000000e+00   0.000000e+00   1.292466e-05   1.377896e-05   1.542333e-05   1.429114e-05
   7.250000e+00   0.000000e+00   0.000000e+00   0.000000e+00   0.000000e+00   1.297902e-05   1.453841e-05   1.347041e-05
   7.500000e+00   0.000000e+00   0.000000e+00   0.000000e+00   0.000000e+00   1.225027e-05   1.373168e-05   1.272211e-05
   7.750000e+00   0.000000e+00   0.000000e+00   0.000000e+00   0.000000e+00   1.158431e-05   1.299396e-05   1.203786e-05
   8.000000e+00   0.000000e+00   0.000000e+00   0.000000e+00   0.000000e+00   1.097396e-05   1.231740e-05   1.141036e-05
   8.250000e+00   0.000000e+00   0.000000e+00   0.000000e+00   0.000000e+00   1.041306e-05   1.169524e-05   1.083334e-05
   8.500000e+00   0.000000e+00   0.000000e+00   0.000000e+00   0.000000e+00   0.000000e+00   1.112176e-05   1.030141e-05
   8.750000e+00   0.000000e+00   0.000000e+00   0.000000e+00   0.000000e+00   0.000000e+00   1.059170e-05   9.809849e-06
   9.000000e+00   0.000000e+00   0.000000e+00   0.000000e+00   0.000000e+00   0.000000e+00   1.010075e-05   0.000000e+00
   9.250000e+00   0.000000e+00   0.000000e+00   0.000000e+00   0.000000e+00   0.000000e+00   9.645052e-06   0.000000e+00
   9.500000e+00   0.000000e+00   0.000000e+00   0.000000e+00   0.000000e+00   0.000000e+00   9.221232e-06   0.000000e+00
   9.750000e+00   0.000000e+00   0.000000e+00   0.000000e+00   0.000000e+00   0.000000e+00   8.826304e-06   0.000000e+00
   1.000000e+01   0.000000e+00   0.000000e+00   0.000000e+00   0.000000e+00   0.000000e+00   8.457631e-06   0.000000e+00
   1.025000e+01   0.000000e+00   0.000000e+00   0.000000e+00   0.000000e+00   0.000000e+00   8.112877e-06   0.000000e+00
   1.050000e+01   0.000000e+00   0.000000e+00   0.000000e+00   0.000000e+00   0.000000e+00   0.000000e+00   0.000000e+00
   1.075000e+01   0.000000e+00   0.000000e+00   0.000000e+00   0.000000e+00   0.000000e+00   0.000000e+00   0.000000e+00
   1.100000e+01   0.000000e+00   0.000000e+00   0.000000e+00   0.000000e+00   0.000000e+00   0.000000e+00   0.000000e+00
   1.125000e+01   0.000000e+00   0.000000e+00   0.000000e+00   0.000000e+00   0.000000e+00   0.000000e+00   0.000000e+00
   1.150000e+01   0.000000e+00   0.000000e+00   0.000000e+00   0.000000e+00   0.000000e+00   0.000000e+00   0.000000e+00
   1.175000e+01   0.000000e+00   0.000000e+00   0.000000e+00   0.000000e+00   0.000000e+00   0.000000e+00   0.000000e+00
   1.200000e+01   0.000000e+00   0.000000e+00   0.000000e+00   0.000000e+00   0.000000e+00   0.000000e+00   0.000000e+00
   1.225000e+01   0.000000e+00   0.000000e+00   0.000000e+00   0.000000e+00   0.000000e+00   0.000000e+00   0.000000e+00
   1.250000e+01   0.000000e+00   0.000000e+00   0.000000e+00   0.000000e+00   0.000000e+00   0.000000e+00   0.000000e+00
   1.275000e+01   0.000000e+00   0.000000e+00   0.000000e+00   0.000000e+00   0.000000e+00   0.000000e+00   0.000000e+00
   1.300000e+01   0.000000e+00   0.000000e+00   0.000000e+00   0.000000e+00   0.000000e+00   0.000000e+00   0.000000e+00
   1.325000e+01   0.000000e+00   0.000000e+00   0.000000e+00   0.000000e+00   0.000000e+00   0.000000e+00   0.000000e+00
   1.350000e+01   0.000000e+00   0.000000e+00   0.000000e+00   0.000000e+00   0.000000e+00   0.000000e+00   0.000000e+00
   1.375000e+01   0.000000e+00   0.000000e+00   0.000000e+00   0.000000e+00   0.000000e+00   0.000000e+00   0.000000e+00
   1.400000e+01   0.000000e+00   0.000000e+00   0.000000e+00   0.000000e+00   0.000000e+00   0.000000e+00   0.000000e+00
   1.425000e+01   0.000000e+00   0.000000e+00   0.000000e+00   0.000000e+00   0.000000e+00   0.000000e+00   0.000000e+00
   1.450000e+01   0.000000e+00   0.000000e+00   0.000000e+00   0.000000e+00   0.000000e+00   0.000000e+00   0.000000e+00
   1.475000e+01   0.000000e+00   0.000000e+00   0.000000e+00   0.000000e+00   0.000000e+00   0.000000e+00   0.000000e+00
   1.500000e+01   0.000000e+00   0.000000e+00   0.000000e+00   0.000000e+00   0.000000e+00   0.000000e+00   0.000000e+00
