# New G.A.S. format
# In this file, each line of the header is starting by #
#    data are saved after the keyword START
# total SN(SNIa + SNII) [nb/Gyr/Msun] rates are given as a function of the stellar age
#    for an instantaneous bursts (SSP) of 1Msun
#    following a Scalo+98 IMF (Mmin = 0.1, Mmax = 100 Msun)
#    and for a set of initial metallicities
# At a given age, the normalization is done for M*_liv + M_rem = 1Msun
# This data file has build as follow:
# nAgeBins nMetBins (here 7)
# List of metalicity bins: MetBins
# And for each following data line : AgeBin(i), SN rate(i,1:nMetBins)
START
115 7
      0.0000      0.0001      0.0004      0.004      0.008      0.02      0.05
   0.000000e+00   0.000000e+00   0.000000e+00   0.000000e+00   0.000000e+00   0.000000e+00   0.000000e+00   0.000000e+00
   2.089300e-03   0.000000e+00   0.000000e+00   0.000000e+00   0.000000e+00   0.000000e+00   0.000000e+00   0.000000e+00
   4.168700e-03   3.816563e-01   3.857279e-01   4.088097e-01   4.553548e-01   3.300644e-01   3.806058e-01   6.777115e-01
   6.309600e-03   3.321307e-01   3.281102e-01   3.367904e-01   3.593087e-01   3.844685e-01   3.498044e-01   6.420121e-01
   8.317600e-03   2.894010e-01   2.867613e-01   2.917535e-01   3.053427e-01   3.275521e-01   3.879661e-01   4.400075e-01
   1.047100e-02   3.082031e-01   3.058272e-01   3.114681e-01   3.260672e-01   2.654854e-01   3.081524e-01   3.668774e-01
   1.258900e-02   2.541197e-01   2.525169e-01   2.578420e-01   2.711938e-01   2.662796e-01   3.113208e-01   3.613353e-01
   1.513600e-02   2.562602e-01   2.548737e-01   2.605608e-01   2.746259e-01   2.343054e-01   2.539445e-01   2.934022e-01
   1.737800e-02   2.377853e-01   2.365863e-01   2.316089e-01   2.275449e-01   2.309106e-01   2.495577e-01   2.840701e-01
   1.995300e-02   2.370495e-01   2.358901e-01   2.299114e-01   2.243814e-01   2.276106e-01   2.136873e-01   2.688709e-01
   2.290900e-02   2.057495e-01   2.047303e-01   2.000586e-01   1.960267e-01   1.996388e-01   2.069166e-01   2.683271e-01
   2.511900e-02   2.031499e-01   2.020891e-01   1.970621e-01   1.924706e-01   1.960474e-01   2.024732e-01   2.244309e-01
   2.754200e-02   2.005981e-01   1.994513e-01   1.940825e-01   1.889567e-01   1.924973e-01   1.943369e-01   2.210364e-01
   3.000000e-02   1.949772e-01   1.937281e-01   1.875816e-01   1.812445e-01   1.855182e-01   1.940626e-01   0.000000e+00
   3.200000e-02   1.963947e-01   1.950053e-01   1.884609e-01   1.815714e-01   1.858817e-01   1.695749e-01   1.137775e-04
   3.400000e-02   1.856029e-01   1.841492e-01   1.892787e-01   1.818707e-01   1.862152e-01   1.681418e-01   2.063953e-04
   3.700000e-02   1.863456e-01   1.846713e-01   1.765445e-01   1.673446e-01   1.644389e-01   1.661820e-01   3.216457e-04
   3.900000e-02   1.868195e-01   1.850098e-01   1.765378e-01   1.668744e-01   1.637011e-01   1.649804e-01   3.857754e-04
   4.250000e-02   5.942468e-05   5.878014e-05   0.000000e+00   1.661330e-01   1.625256e-01   6.823268e-05   4.316428e-04
   4.500000e-02   1.590738e-04   1.572285e-04   1.093605e-04   4.305035e-05   5.770316e-05   1.381415e-04   4.757633e-04
   4.750000e-02   2.463219e-04   2.432891e-04   1.909726e-04   1.195166e-04   1.285778e-04   1.988409e-04   5.133063e-04
   5.000000e-02   3.231070e-04   3.189112e-04   2.626613e-04   1.866609e-04   1.907180e-04   2.518256e-04   5.454145e-04
   5.250000e-02   3.570152e-04   3.521512e-04   3.259314e-04   2.459039e-04   2.454608e-04   2.982954e-04   5.729970e-04
   5.500000e-02   4.064877e-04   4.007331e-04   3.506608e-04   2.983978e-04   2.938963e-04   3.144618e-04   5.967798e-04
   5.708800e-02   4.435265e-04   4.370850e-04   3.858542e-04   3.159141e-04   3.039783e-04   3.403958e-04   5.723792e-04
   6.405400e-02   5.445788e-04   5.361134e-04   4.817070e-04   4.086727e-04   3.862746e-04   4.102704e-04   6.073467e-04
   7.187000e-02   6.515852e-04   6.411531e-04   5.634523e-04   4.845776e-04   4.531738e-04   4.663228e-04   6.322987e-04
   8.063900e-02   7.256058e-04   7.139553e-04   6.280109e-04   5.236567e-04   4.802049e-04   4.663555e-04   6.487531e-04
   9.047800e-02   7.847338e-04   7.721574e-04   6.792052e-04   5.667587e-04   5.158229e-04   4.914134e-04   5.949719e-04
   1.015200e-01   7.299505e-04   7.183350e-04   6.510873e-04   5.997127e-04   5.424814e-04   5.090566e-04   5.891798e-04
   1.139100e-01   7.489986e-04   7.371757e-04   6.652509e-04   5.784829e-04   5.614888e-04   5.204115e-04   5.823902e-04
   1.278000e-01   7.656640e-04   7.536553e-04   6.780534e-04   5.866034e-04   5.365046e-04   4.863402e-04   5.748932e-04
   1.434000e-01   7.799558e-04   7.677710e-04   6.890936e-04   5.934228e-04   5.398560e-04   4.846388e-04   5.662645e-04
   1.609000e-01   7.753962e-04   7.632911e-04   6.913366e-04   5.985803e-04   5.423093e-04   4.818236e-04   5.568175e-04
   1.805300e-01   7.830351e-04   7.708788e-04   6.660207e-04   6.019489e-04   5.430439e-04   4.779615e-04   5.075421e-04
   2.025600e-01   7.885752e-04   7.765369e-04   6.668100e-04   5.439210e-04   4.751724e-04   4.732059e-04   4.943342e-04
   2.272700e-01   7.921471e-04   7.804238e-04   6.661215e-04   5.387191e-04   4.674086e-04   4.195533e-04   4.808504e-04
   2.550000e-01   7.938404e-04   7.826729e-04   6.640278e-04   5.326241e-04   4.590657e-04   4.099598e-04   4.671868e-04
   2.861200e-01   7.631684e-04   7.532258e-04   6.609111e-04   5.257352e-04   4.502132e-04   4.000183e-04   4.534410e-04
   3.210300e-01   7.588934e-04   7.499858e-04   6.158702e-04   5.181906e-04   4.409321e-04   3.898276e-04   4.396933e-04
   3.602000e-01   7.536707e-04   7.460042e-04   6.074844e-04   5.101284e-04   4.313406e-04   3.795154e-04   4.259536e-04
   4.041500e-01   6.125682e-04   6.074885e-04   5.987060e-04   4.537014e-04   4.215433e-04   3.690418e-04   4.028047e-04
   4.534700e-01   5.957355e-04   5.918809e-04   5.896610e-04   4.419777e-04   3.864395e-04   3.585455e-04   3.889634e-04
   5.088000e-01   5.790309e-04   5.764653e-04   5.461648e-04   4.302695e-04   3.751031e-04   3.457939e-04   3.753858e-04
   5.708800e-01   5.625011e-04   5.612914e-04   5.344485e-04   4.186715e-04   3.638790e-04   3.353136e-04   3.621061e-04
   6.405400e-01   5.461823e-04   5.464085e-04   5.228254e-04   4.842101e-04   3.528119e-04   3.249596e-04   3.491514e-04
   7.187000e-01   5.301064e-04   5.318556e-04   5.113356e-04   4.781604e-04   4.351031e-04   3.147607e-04   4.080732e-04
   8.064000e-01   5.143051e-04   5.176595e-04   5.000269e-04   4.719966e-04   4.308489e-04   3.670462e-04   3.993629e-04
   9.047900e-01   4.988521e-04   5.037993e-04   4.889373e-04   4.658038e-04   4.264670e-04   3.610473e-04   3.907031e-04
   1.015200e+00   4.837574e-04   4.903122e-04   4.780625e-04   4.596239e-04   4.220042e-04   3.550127e-04   3.821651e-04
   1.139100e+00   4.690292e-04   4.772077e-04   4.674358e-04   4.535011e-04   4.175223e-04   3.489878e-04   3.737827e-04
   1.278100e+00   4.546640e-04   4.644461e-04   4.570729e-04   4.474754e-04   4.130530e-04   3.430211e-04   3.655925e-04
   1.434000e+00   4.406681e-04   4.520336e-04   4.469436e-04   4.415644e-04   4.086231e-04   3.371452e-04   3.576189e-04
   1.609000e+00   3.761940e-04   3.875845e-04   4.370472e-04   4.357582e-04   4.042505e-04   3.313779e-04   3.498741e-04
   1.680000e+00   3.436600e-04   3.546423e-04   4.149334e-04   4.335256e-04   4.025521e-04   3.291957e-04   3.469820e-04
   1.700000e+00   3.352389e-04   3.461056e-04   4.047078e-04   4.329077e-04   4.020803e-04   3.285955e-04   3.461886e-04
   1.800000e+00   2.974084e-04   3.077271e-04   3.588177e-04   4.300018e-04   3.998691e-04   3.257562e-04   3.424324e-04
   1.900000e+00   2.655484e-04   2.753439e-04   3.202056e-04   4.272762e-04   3.977888e-04   3.231011e-04   3.389284e-04
   2.000000e+00   2.384771e-04   2.477776e-04   2.874242e-04   3.849037e-04   3.958257e-04   3.206040e-04   3.356517e-04
   2.100000e+00   2.152822e-04   2.241167e-04   2.593580e-04   3.457856e-04   3.939720e-04   3.182513e-04   3.325729e-04
   2.200000e+00   1.524338e-04   1.589891e-04   2.351540e-04   3.121948e-04   3.649101e-04   3.160288e-04   3.296744e-04
   2.300000e+00   1.403664e-04   1.466105e-04   2.141349e-04   2.831537e-04   3.305166e-04   3.139273e-04   3.269418e-04
   2.400000e+00   1.297061e-04   1.356613e-04   1.423222e-04   2.578806e-04   3.006388e-04   3.119305e-04   3.134975e-04
   2.500000e+00   1.202412e-04   1.259281e-04   1.322506e-04   2.357625e-04   2.745351e-04   3.100346e-04   2.880225e-04
   2.600000e+00   1.117955e-04   1.172322e-04   1.232448e-04   2.162973e-04   2.515991e-04   2.985602e-04   2.655108e-04
   2.750000e+00   1.007370e-04   1.058298e-04   1.114253e-04   1.232494e-04   2.221176e-04   2.647501e-04   2.363658e-04
   3.000000e+00   8.163715e-05   8.601123e-05   9.529924e-05   1.058006e-04   9.600158e-05   2.197907e-04   1.974212e-04
   3.250000e+00   7.059458e-05   7.456123e-05   7.791123e-05   9.193565e-05   8.427968e-05   1.852314e-04   1.673104e-04
   3.500000e+00   6.170182e-05   6.531577e-05   6.842440e-05   8.072295e-05   7.470896e-05   1.581164e-04   1.097645e-04
   3.750000e+00   5.442752e-05   5.773428e-05   6.063016e-05   6.664305e-05   6.677864e-05   9.536283e-05   9.690983e-05
   4.000000e+00   4.687004e-05   4.981182e-05   5.414085e-05   5.971440e-05   6.012453e-05   8.502154e-05   8.625576e-05
   4.250000e+00   4.203996e-05   4.475405e-05   4.771755e-05   5.386388e-05   6.194959e-05   7.633400e-05   7.731804e-05
   4.500000e+00   3.794036e-05   4.045287e-05   4.319734e-05   4.887317e-05   5.616735e-05   6.895832e-05   6.601061e-05
   4.750000e+00   3.442933e-05   3.676247e-05   3.931425e-05   4.457845e-05   5.119560e-05   4.996023e-05   6.001844e-05
   5.000000e+00   3.139715e-05   3.356991e-05   3.595171e-05   4.085758e-05   4.688698e-05   4.597733e-05   5.483752e-05
   5.250000e+00   2.875957e-05   3.078831e-05   3.301926e-05   3.760274e-05   4.312524e-05   4.248395e-05   5.032567e-05
   5.500000e+00   0.000000e+00   0.000000e+00   3.044458e-05   3.474091e-05   3.981998e-05   3.940066e-05   4.636950e-05
   5.750000e+00   0.000000e+00   0.000000e+00   2.817091e-05   3.220982e-05   3.389641e-05   3.666418e-05   4.288010e-05
   6.000000e+00   0.000000e+00   0.000000e+00   2.615218e-05   2.995956e-05   3.158996e-05   3.422213e-05   3.313406e-05
   6.250000e+00   0.000000e+00   0.000000e+00   0.000000e+00   2.794855e-05   2.952524e-05   3.203276e-05   3.099822e-05
   6.500000e+00   0.000000e+00   0.000000e+00   0.000000e+00   2.614350e-05   2.766869e-05   3.006131e-05   2.907588e-05
   6.750000e+00   0.000000e+00   0.000000e+00   0.000000e+00   2.451655e-05   2.599246e-05   2.827889e-05   2.733865e-05
   7.000000e+00   0.000000e+00   0.000000e+00   0.000000e+00   2.304448e-05   2.447355e-05   2.731387e-05   2.576280e-05
   7.250000e+00   0.000000e+00   0.000000e+00   0.000000e+00   0.000000e+00   2.309185e-05   2.579090e-05   2.432860e-05
   7.500000e+00   0.000000e+00   0.000000e+00   0.000000e+00   0.000000e+00   2.183108e-05   2.440024e-05   2.301858e-05
   7.750000e+00   0.000000e+00   0.000000e+00   0.000000e+00   0.000000e+00   2.067712e-05   2.312653e-05   2.181858e-05
   8.000000e+00   0.000000e+00   0.000000e+00   0.000000e+00   0.000000e+00   1.961790e-05   2.195661e-05   2.071625e-05
   8.250000e+00   0.000000e+00   0.000000e+00   0.000000e+00   0.000000e+00   1.864302e-05   2.087917e-05   1.970095e-05
   8.500000e+00   0.000000e+00   0.000000e+00   0.000000e+00   0.000000e+00   0.000000e+00   1.988462e-05   1.876345e-05
   8.750000e+00   0.000000e+00   0.000000e+00   0.000000e+00   0.000000e+00   0.000000e+00   1.896403e-05   1.789578e-05
   9.000000e+00   0.000000e+00   0.000000e+00   0.000000e+00   0.000000e+00   0.000000e+00   1.811018e-05   0.000000e+00
   9.250000e+00   0.000000e+00   0.000000e+00   0.000000e+00   0.000000e+00   0.000000e+00   1.731659e-05   0.000000e+00
   9.500000e+00   0.000000e+00   0.000000e+00   0.000000e+00   0.000000e+00   0.000000e+00   1.657753e-05   0.000000e+00
   9.750000e+00   0.000000e+00   0.000000e+00   0.000000e+00   0.000000e+00   0.000000e+00   1.588798e-05   0.000000e+00
   1.000000e+01   0.000000e+00   0.000000e+00   0.000000e+00   0.000000e+00   0.000000e+00   1.524345e-05   0.000000e+00
   1.025000e+01   0.000000e+00   0.000000e+00   0.000000e+00   0.000000e+00   0.000000e+00   1.464000e-05   0.000000e+00
   1.050000e+01   0.000000e+00   0.000000e+00   0.000000e+00   0.000000e+00   0.000000e+00   0.000000e+00   0.000000e+00
   1.075000e+01   0.000000e+00   0.000000e+00   0.000000e+00   0.000000e+00   0.000000e+00   0.000000e+00   0.000000e+00
   1.100000e+01   0.000000e+00   0.000000e+00   0.000000e+00   0.000000e+00   0.000000e+00   0.000000e+00   0.000000e+00
   1.125000e+01   0.000000e+00   0.000000e+00   0.000000e+00   0.000000e+00   0.000000e+00   0.000000e+00   0.000000e+00
   1.150000e+01   0.000000e+00   0.000000e+00   0.000000e+00   0.000000e+00   0.000000e+00   0.000000e+00   0.000000e+00
   1.175000e+01   0.000000e+00   0.000000e+00   0.000000e+00   0.000000e+00   0.000000e+00   0.000000e+00   0.000000e+00
   1.200000e+01   0.000000e+00   0.000000e+00   0.000000e+00   0.000000e+00   0.000000e+00   0.000000e+00   0.000000e+00
   1.225000e+01   0.000000e+00   0.000000e+00   0.000000e+00   0.000000e+00   0.000000e+00   0.000000e+00   0.000000e+00
   1.250000e+01   0.000000e+00   0.000000e+00   0.000000e+00   0.000000e+00   0.000000e+00   0.000000e+00   0.000000e+00
   1.275000e+01   0.000000e+00   0.000000e+00   0.000000e+00   0.000000e+00   0.000000e+00   0.000000e+00   0.000000e+00
   1.300000e+01   0.000000e+00   0.000000e+00   0.000000e+00   0.000000e+00   0.000000e+00   0.000000e+00   0.000000e+00
   1.325000e+01   0.000000e+00   0.000000e+00   0.000000e+00   0.000000e+00   0.000000e+00   0.000000e+00   0.000000e+00
   1.350000e+01   0.000000e+00   0.000000e+00   0.000000e+00   0.000000e+00   0.000000e+00   0.000000e+00   0.000000e+00
   1.375000e+01   0.000000e+00   0.000000e+00   0.000000e+00   0.000000e+00   0.000000e+00   0.000000e+00   0.000000e+00
   1.400000e+01   0.000000e+00   0.000000e+00   0.000000e+00   0.000000e+00   0.000000e+00   0.000000e+00   0.000000e+00
   1.425000e+01   0.000000e+00   0.000000e+00   0.000000e+00   0.000000e+00   0.000000e+00   0.000000e+00   0.000000e+00
   1.450000e+01   0.000000e+00   0.000000e+00   0.000000e+00   0.000000e+00   0.000000e+00   0.000000e+00   0.000000e+00
   1.475000e+01   0.000000e+00   0.000000e+00   0.000000e+00   0.000000e+00   0.000000e+00   0.000000e+00   0.000000e+00
   1.500000e+01   0.000000e+00   0.000000e+00   0.000000e+00   0.000000e+00   0.000000e+00   0.000000e+00   0.000000e+00
