# New G.A.S. format
# In this file, each line of the header is starting by #
#    data are saved after the keyword START
# total SN(SNIa + SNII) [nb/Gyr/Msun] rates are given as a function of the stellar age
#    for an instantaneous bursts (SSP) of 1Msun
#    following a Chabrier+03 IMF (Mmin = 0.1, Mmax = 100 Msun)
#    and for a set of initial metallicities
# At a given age, the normalization is done for M*_liv + M_rem = 1Msun
# This data file has build as follow:
# nAgeBins nMetBins (here 7)
# List of metalicity bins: MetBins
# And for each following data line : AgeBin(i), SN rate(i,1:nMetBins)
START
115 7
      0.0000      0.0001      0.0004      0.004      0.008      0.02      0.05
   0.000000e+00   0.000000e+00   0.000000e+00   0.000000e+00   0.000000e+00   0.000000e+00   0.000000e+00   0.000000e+00
   2.089300e-03   0.000000e+00   0.000000e+00   0.000000e+00   0.000000e+00   0.000000e+00   0.000000e+00   0.000000e+00
   4.168700e-03   5.642222e-01   5.731663e-01   6.088420e-01   6.822536e-01   4.979187e-01   5.757266e-01   1.033039e+00
   6.309600e-03   5.002206e-01   4.911564e-01   5.060242e-01   5.491009e-01   5.892256e-01   5.378354e-01   1.000099e+00
   8.317600e-03   4.388769e-01   4.328345e-01   4.422028e-01   4.702381e-01   5.060217e-01   6.018111e-01   6.954878e-01
   1.047100e-02   4.701709e-01   4.646639e-01   4.752796e-01   5.053877e-01   4.127581e-01   4.817897e-01   5.846075e-01
   1.258900e-02   3.897996e-01   3.860411e-01   3.959523e-01   4.232586e-01   4.163180e-01   4.895830e-01   5.789343e-01
   1.513600e-02   3.950361e-01   3.917508e-01   4.023489e-01   4.311794e-01   3.684245e-01   4.017896e-01   4.727888e-01
   1.737800e-02   3.680286e-01   3.651643e-01   3.591791e-01   3.589220e-01   3.645037e-01   3.963944e-01   4.593852e-01
   1.995300e-02   3.683641e-01   3.655721e-01   3.579786e-01   3.553745e-01   3.607555e-01   3.407993e-01   4.462321e-01
   2.290900e-02   3.211100e-01   3.186345e-01   3.128055e-01   3.117871e-01   3.177661e-01   3.311961e-01   4.333616e-01
   2.511900e-02   3.178779e-01   3.152883e-01   3.088645e-01   3.068903e-01   3.128204e-01   3.248243e-01   3.567765e-01
   2.754200e-02   3.147209e-01   3.119072e-01   3.049088e-01   3.020179e-01   3.078965e-01   3.185260e-01   3.459459e-01
   3.000000e-02   3.118495e-01   3.087186e-01   3.012067e-01   2.975033e-01   3.033324e-01   3.127302e-01   0.000000e+00
   3.200000e-02   3.097017e-01   3.062575e-01   2.983724e-01   2.940819e-01   2.998723e-01   2.698343e-01   1.865536e-04
   3.400000e-02   2.888511e-01   2.852904e-01   2.956887e-01   2.908672e-01   2.966203e-01   2.647135e-01   3.388038e-04
   3.700000e-02   2.849861e-01   2.809570e-01   2.710268e-01   2.631902e-01   2.578050e-01   2.577680e-01   5.288520e-04
   3.900000e-02   2.826082e-01   2.783064e-01   2.680786e-01   2.597836e-01   2.541290e-01   2.535424e-01   6.349262e-04
   4.250000e-02   9.440085e-05   9.279620e-05   0.000000e+00   2.543608e-01   2.482811e-01   1.106903e-04   7.115918e-04
   4.500000e-02   2.530863e-04   2.484967e-04   1.736529e-04   6.958797e-05   9.331933e-05   2.243399e-04   7.851344e-04
   4.750000e-02   3.924566e-04   3.849228e-04   3.035639e-04   1.934026e-04   2.081607e-04   3.232412e-04   8.479377e-04
   5.000000e-02   5.154845e-04   5.050760e-04   4.179341e-04   3.023696e-04   3.090723e-04   4.097658e-04   9.018549e-04
   5.250000e-02   5.702982e-04   5.582505e-04   5.190964e-04   3.987286e-04   3.981654e-04   4.858201e-04   9.483617e-04
   5.500000e-02   6.500321e-04   6.357966e-04   5.589827e-04   4.842986e-04   4.771641e-04   5.125902e-04   9.886372e-04
   5.708800e-02   7.098683e-04   6.939453e-04   6.154976e-04   5.131084e-04   4.938876e-04   5.552259e-04   9.489279e-04
   6.405400e-02   8.739829e-04   8.530809e-04   7.700996e-04   6.652759e-04   6.289607e-04   6.706375e-04   1.009210e-03
   7.187000e-02   1.048458e-03   1.022640e-03   9.028945e-04   7.907481e-04   7.395938e-04   7.639981e-04   1.053020e-03
   8.063900e-02   1.170587e-03   1.141589e-03   1.008829e-03   8.567062e-04   7.856238e-04   7.658893e-04   1.082765e-03
   9.047800e-02   1.269069e-03   1.237566e-03   1.093645e-03   9.295327e-04   8.458970e-04   8.088260e-04   9.964397e-04
   1.015200e-01   1.188514e-03   1.159072e-03   1.051203e-03   9.859467e-04   8.916564e-04   8.396606e-04   9.925455e-04
   1.139100e-01   1.221991e-03   1.191810e-03   1.081815e-03   9.552501e-04   9.249351e-04   8.601641e-04   9.823882e-04
   1.278000e-01   1.243898e-03   1.213220e-03   1.101648e-03   9.740385e-04   8.899503e-04   8.096368e-04   9.671447e-04
   1.434000e-01   1.256108e-03   1.225109e-03   1.112421e-03   9.842146e-04   8.969236e-04   8.079332e-04   9.478276e-04
   1.609000e-01   1.234048e-03   1.203497e-03   1.105178e-03   9.871448e-04   8.973558e-04   8.011892e-04   9.253370e-04
   1.805300e-01   1.228720e-03   1.198310e-03   1.052279e-03   9.840456e-04   8.923669e-04   7.903443e-04   8.365718e-04
   2.025600e-01   1.217907e-03   1.188002e-03   1.039164e-03   8.800078e-04   7.735551e-04   7.762032e-04   8.073125e-04
   2.272700e-01   1.202581e-03   1.173550e-03   1.022522e-03   8.614237e-04   7.533352e-04   6.822499e-04   7.773935e-04
   2.550000e-01   1.183573e-03   1.155811e-03   1.003106e-03   8.406754e-04   7.315722e-04   6.599985e-04   7.471596e-04
   2.861200e-01   1.116871e-03   1.091775e-03   9.815683e-04   8.183034e-04   7.087105e-04   6.369980e-04   7.168893e-04
   3.210300e-01   1.089843e-03   1.066687e-03   8.991455e-04   7.948051e-04   6.851301e-04   6.135729e-04   6.868091e-04
   3.602000e-01   1.061530e-03   1.040532e-03   8.718158e-04   7.705552e-04   6.611393e-04   5.899670e-04   6.571153e-04
   4.041500e-01   8.461779e-04   8.309106e-04   8.441874e-04   6.753996e-04   6.369923e-04   5.663879e-04   6.135339e-04
   4.534700e-01   8.093088e-04   7.960496e-04   8.165025e-04   6.482343e-04   5.759003e-04   5.430125e-04   5.848229e-04
   5.088000e-01   7.733941e-04   7.621388e-04   7.429940e-04   6.215503e-04   5.511205e-04   5.165933e-04   5.569731e-04
   5.708800e-01   7.385029e-04   7.292434e-04   7.142068e-04   5.954552e-04   5.269132e-04   4.939597e-04   5.300407e-04
   6.405400e-01   7.046835e-04   6.974198e-04   6.860760e-04   6.766494e-04   5.033556e-04   4.718864e-04   5.040650e-04
   7.187000e-01   6.719707e-04   6.667035e-04   6.586801e-04   6.555135e-04   6.104498e-04   4.504401e-04   5.796220e-04
   8.064000e-01   6.403922e-04   6.371083e-04   6.320762e-04   6.345320e-04   5.927676e-04   5.167473e-04   5.575467e-04
   9.047900e-01   6.100276e-04   6.086070e-04   6.063053e-04   6.138203e-04   5.751205e-04   4.990966e-04   5.359517e-04
   1.015200e+00   5.808623e-04   5.812157e-04   5.813626e-04   5.934552e-04   5.576005e-04   4.816819e-04   5.149125e-04
   1.139100e+00   5.528817e-04   5.549211e-04   5.572736e-04   5.734996e-04   5.402887e-04   4.645778e-04   4.944973e-04
   1.278100e+00   5.260609e-04   5.296659e-04   5.340446e-04   5.540167e-04   5.232484e-04   4.478575e-04   4.747364e-04
   1.434000e+00   5.003829e-04   5.054371e-04   5.116353e-04   5.350294e-04   5.065314e-04   4.315618e-04   4.556593e-04
   1.609000e+00   4.235815e-04   4.292726e-04   4.900221e-04   5.165168e-04   4.901538e-04   4.157103e-04   4.372612e-04
   1.680000e+00   3.867119e-04   3.923804e-04   4.632496e-04   5.096038e-04   4.840128e-04   4.098187e-04   4.304735e-04
   1.700000e+00   3.771725e-04   3.828260e-04   4.517041e-04   5.077116e-04   4.823294e-04   4.082088e-04   4.286217e-04
   1.800000e+00   3.343300e-04   3.398907e-04   3.999125e-04   4.987180e-04   4.743243e-04   4.005568e-04   4.198312e-04
   1.900000e+00   2.982742e-04   3.037012e-04   3.563788e-04   4.903217e-04   4.668328e-04   3.934268e-04   4.116634e-04
   2.000000e+00   2.676582e-04   2.729267e-04   3.194556e-04   4.408138e-04   4.597994e-04   3.867537e-04   4.040491e-04
   2.100000e+00   2.414443e-04   2.465401e-04   2.878756e-04   3.954957e-04   4.531800e-04   3.804910e-04   3.969218e-04
   2.200000e+00   1.708349e-04   1.746729e-04   2.606681e-04   3.566144e-04   4.183087e-04   3.745969e-04   3.902326e-04
   2.300000e+00   1.572257e-04   1.609175e-04   2.370648e-04   3.230279e-04   3.784259e-04   3.690379e-04   3.839403e-04
   2.400000e+00   1.452094e-04   1.487604e-04   1.573659e-04   2.938252e-04   3.438037e-04   3.637772e-04   3.663790e-04
   2.500000e+00   1.345456e-04   1.379618e-04   1.461014e-04   2.682904e-04   3.135756e-04   3.587931e-04   3.362742e-04
   2.600000e+00   1.250348e-04   1.283218e-04   1.360364e-04   2.458386e-04   2.870351e-04   3.438585e-04   3.096849e-04
   2.750000e+00   1.125881e-04   1.156926e-04   1.228369e-04   1.398305e-04   2.529490e-04   3.044777e-04   2.752832e-04
   3.000000e+00   9.114077e-05   9.383623e-05   1.048500e-04   1.198126e-04   1.090048e-04   2.521623e-04   2.293606e-04
   3.250000e+00   7.873723e-05   8.119997e-05   8.555985e-05   1.039301e-04   9.555372e-05   2.120053e-04   1.939059e-04
   3.500000e+00   6.875814e-05   7.101437e-05   7.501846e-05   9.110332e-05   8.458328e-05   1.805443e-04   1.269086e-04
   3.750000e+00   6.060289e-05   6.267590e-05   6.637070e-05   7.509387e-05   7.550310e-05   1.086374e-04   1.118483e-04
   4.000000e+00   5.214896e-05   5.399892e-05   5.918122e-05   6.719216e-05   6.789221e-05   9.670619e-05   9.938116e-05
   4.250000e+00   4.674370e-05   4.845436e-05   5.208873e-05   6.052748e-05   6.986662e-05   8.669400e-05   8.893551e-05
   4.500000e+00   4.215940e-05   4.374572e-05   4.709494e-05   5.484861e-05   6.325981e-05   7.820326e-05   7.580693e-05
   4.750000e+00   3.823601e-05   3.971098e-05   4.281035e-05   4.996690e-05   5.758513e-05   5.657824e-05   6.882403e-05
   5.000000e+00   3.485009e-05   3.622498e-05   3.910454e-05   4.574170e-05   5.267233e-05   5.201110e-05   6.279332e-05
   5.250000e+00   3.190673e-05   3.319138e-05   3.587638e-05   4.204951e-05   4.838752e-05   4.800877e-05   5.754715e-05
   5.500000e+00   0.000000e+00   0.000000e+00   3.304525e-05   3.880628e-05   4.462637e-05   4.447927e-05   5.295217e-05
   5.750000e+00   0.000000e+00   0.000000e+00   3.054776e-05   3.594060e-05   3.794445e-05   4.134927e-05   4.890364e-05
   6.000000e+00   0.000000e+00   0.000000e+00   2.833259e-05   3.339515e-05   3.532668e-05   3.855835e-05   3.774067e-05
   6.250000e+00   0.000000e+00   0.000000e+00   0.000000e+00   3.112242e-05   3.298524e-05   3.605817e-05   3.527178e-05
   6.500000e+00   0.000000e+00   0.000000e+00   0.000000e+00   2.908423e-05   3.088162e-05   3.380856e-05   3.305157e-05
   6.750000e+00   0.000000e+00   0.000000e+00   0.000000e+00   2.724872e-05   2.898385e-05   3.177618e-05   3.104683e-05
   7.000000e+00   0.000000e+00   0.000000e+00   0.000000e+00   2.558931e-05   2.726550e-05   3.066568e-05   2.922979e-05
   7.250000e+00   0.000000e+00   0.000000e+00   0.000000e+00   0.000000e+00   2.570363e-05   2.893127e-05   2.757734e-05
   7.500000e+00   0.000000e+00   0.000000e+00   0.000000e+00   0.000000e+00   2.427953e-05   2.734867e-05   2.606920e-05
   7.750000e+00   0.000000e+00   0.000000e+00   0.000000e+00   0.000000e+00   2.297703e-05   2.590017e-05   2.468877e-05
   8.000000e+00   0.000000e+00   0.000000e+00   0.000000e+00   0.000000e+00   2.178233e-05   2.457061e-05   2.342165e-05
   8.250000e+00   0.000000e+00   0.000000e+00   0.000000e+00   0.000000e+00   2.068355e-05   2.334698e-05   2.225541e-05
   8.500000e+00   0.000000e+00   0.000000e+00   0.000000e+00   0.000000e+00   0.000000e+00   2.221818e-05   2.117932e-05
   8.750000e+00   0.000000e+00   0.000000e+00   0.000000e+00   0.000000e+00   0.000000e+00   2.117403e-05   2.018407e-05
   9.000000e+00   0.000000e+00   0.000000e+00   0.000000e+00   0.000000e+00   0.000000e+00   2.020620e-05   0.000000e+00
   9.250000e+00   0.000000e+00   0.000000e+00   0.000000e+00   0.000000e+00   0.000000e+00   1.930723e-05   0.000000e+00
   9.500000e+00   0.000000e+00   0.000000e+00   0.000000e+00   0.000000e+00   0.000000e+00   1.847054e-05   0.000000e+00
   9.750000e+00   0.000000e+00   0.000000e+00   0.000000e+00   0.000000e+00   0.000000e+00   1.769036e-05   0.000000e+00
   1.000000e+01   0.000000e+00   0.000000e+00   0.000000e+00   0.000000e+00   0.000000e+00   1.696157e-05   0.000000e+00
   1.025000e+01   0.000000e+00   0.000000e+00   0.000000e+00   0.000000e+00   0.000000e+00   1.627961e-05   0.000000e+00
   1.050000e+01   0.000000e+00   0.000000e+00   0.000000e+00   0.000000e+00   0.000000e+00   0.000000e+00   0.000000e+00
   1.075000e+01   0.000000e+00   0.000000e+00   0.000000e+00   0.000000e+00   0.000000e+00   0.000000e+00   0.000000e+00
   1.100000e+01   0.000000e+00   0.000000e+00   0.000000e+00   0.000000e+00   0.000000e+00   0.000000e+00   0.000000e+00
   1.125000e+01   0.000000e+00   0.000000e+00   0.000000e+00   0.000000e+00   0.000000e+00   0.000000e+00   0.000000e+00
   1.150000e+01   0.000000e+00   0.000000e+00   0.000000e+00   0.000000e+00   0.000000e+00   0.000000e+00   0.000000e+00
   1.175000e+01   0.000000e+00   0.000000e+00   0.000000e+00   0.000000e+00   0.000000e+00   0.000000e+00   0.000000e+00
   1.200000e+01   0.000000e+00   0.000000e+00   0.000000e+00   0.000000e+00   0.000000e+00   0.000000e+00   0.000000e+00
   1.225000e+01   0.000000e+00   0.000000e+00   0.000000e+00   0.000000e+00   0.000000e+00   0.000000e+00   0.000000e+00
   1.250000e+01   0.000000e+00   0.000000e+00   0.000000e+00   0.000000e+00   0.000000e+00   0.000000e+00   0.000000e+00
   1.275000e+01   0.000000e+00   0.000000e+00   0.000000e+00   0.000000e+00   0.000000e+00   0.000000e+00   0.000000e+00
   1.300000e+01   0.000000e+00   0.000000e+00   0.000000e+00   0.000000e+00   0.000000e+00   0.000000e+00   0.000000e+00
   1.325000e+01   0.000000e+00   0.000000e+00   0.000000e+00   0.000000e+00   0.000000e+00   0.000000e+00   0.000000e+00
   1.350000e+01   0.000000e+00   0.000000e+00   0.000000e+00   0.000000e+00   0.000000e+00   0.000000e+00   0.000000e+00
   1.375000e+01   0.000000e+00   0.000000e+00   0.000000e+00   0.000000e+00   0.000000e+00   0.000000e+00   0.000000e+00
   1.400000e+01   0.000000e+00   0.000000e+00   0.000000e+00   0.000000e+00   0.000000e+00   0.000000e+00   0.000000e+00
   1.425000e+01   0.000000e+00   0.000000e+00   0.000000e+00   0.000000e+00   0.000000e+00   0.000000e+00   0.000000e+00
   1.450000e+01   0.000000e+00   0.000000e+00   0.000000e+00   0.000000e+00   0.000000e+00   0.000000e+00   0.000000e+00
   1.475000e+01   0.000000e+00   0.000000e+00   0.000000e+00   0.000000e+00   0.000000e+00   0.000000e+00   0.000000e+00
   1.500000e+01   0.000000e+00   0.000000e+00   0.000000e+00   0.000000e+00   0.000000e+00   0.000000e+00   0.000000e+00
