# Iwamoto+99 SNIa synthetised mass
# W7 model (sum over all elements listed here = 1.37083071167)
4.83E-02
1.40E-06
1.16E-06
1.32E-09
1.43E-01
3.54E-08
8.25E-10
5.67E-10
2.02E-03
8.46E-06
2.49E-03
6.32E-05
8.50E-03
4.05E-05
3.18E-05
9.86E-04
1.54E-01
9.08E-04
1.69E-03
3.57E-04
8.46E-02
4.24E-04
1.98E-03
4.18E-07
1.37E-04
3.67E-05
1.47E-02
9.50E-04
1.87E-08
7.23E-05
6.11E-06
1.19E-02
2.82E-05
9.64E-08
8.02E-06
4.16E-09
2.60E-09
2.21E-07
1.33E-05
5.10E-07
2.05E-04
1.71E-05
1.07E-04
1.55E-08
7.49E-05
2.73E-04
6.36E-03
9.22E-04
9.24E-04
8.87E-03
9.55E-02
6.26E-01
2.45E-02
3.03E-03
1.04E-03
1.10E-01
1.24E-02
2.35E-04
3.07E-03
1.70E-05
2.32E-06
6.84E-07
1.06E-05
1.76E-05
1.58E-08
1.74E-08
