# New G.A.S. format
# filter of MegaCam_u
# download from  "Filter Profile Service" (http://svo2.cab.inta-csic.es/theory/fps)
# After the "START" signal, the file is bild as follow:
# Filter name
# nwave: number of wavelenght
# center wavelenght [micron]
# and for l=1 to nwave, lambda [micron] | transmission [without unit]
START
MegaCam_u
061
0.37928
0.30000   0.0000000
0.31800   0.0001194
0.32200   0.0005551
0.32600   0.0022432
0.33000   0.0160973
0.33400   0.0648552
0.33800   0.1359564
0.34200   0.1799294
0.34600   0.2071237
0.35000   0.2439522
0.35400   0.2700759
0.35800   0.2772764
0.36200   0.2834562
0.36600   0.2950610
0.37000   0.2793975
0.37400   0.2618339
0.37800   0.2813883
0.38200   0.3365564
0.38600   0.3830696
0.39000   0.3876638
0.39400   0.3938452
0.39800   0.4186819
0.40200   0.4251910
0.40600   0.3881918
0.41000   0.2817098
0.41400   0.1412308
0.41800   0.0499475
0.42200   0.0168966
0.42600   0.0067613
0.43000   0.0032566
0.43400   0.0018894
0.43800   0.0012777
0.44200   0.0009636
0.44600   0.0007883
0.45000   0.0006887
0.45400   0.0006021
0.45800   0.0005344
0.46200   0.0005063
0.46600   0.0005285
0.47000   0.0005819
0.47400   0.0006962
0.47800   0.0008722
0.48200   0.0011523
0.48600   0.0017115
0.49000   0.0027466
0.49400   0.0048158
0.49800   0.0079641
0.50200   0.0100413
0.50600   0.0094757
0.51000   0.0076275
0.51400   0.0056870
0.51800   0.0037231
0.52200   0.0020898
0.52600   0.0012749
0.53000   0.0013077
0.53400   0.0016671
0.53800   0.0017665
0.54200   0.0015003
0.54600   0.0012288
0.55000   0.0013376
0.55400   0.0000000
