# New G.A.S. format
# filter of MegaCam_z
# download from  "Filter Profile Service" (http://svo2.cab.inta-csic.es/theory/fps)
# After the "START" signal, the file is bild as follow:
# Filter name
# nwave: number of wavelenght
# center wavelenght [micron]
# and for l=1 to nwave, lambda [micron] | transmission [without unit]
START
MegaCam_z
063
0.87282
0.77800   0.0000000
0.78000   0.0002982
0.78400   0.0004214
0.78800   0.0006178
0.79200   0.0009239
0.79600   0.0014546
0.80000   0.0023868
0.80400   0.0040533
0.80800   0.0073296
0.81200   0.0139801
0.81600   0.0278567
0.82000   0.0554090
0.82400   0.1048354
0.82800   0.1707233
0.83200   0.2281089
0.83600   0.2632070
0.84000   0.2768599
0.84400   0.2756802
0.84800   0.2706073
0.85200   0.2662506
0.85600   0.2607498
0.86000   0.2543821
0.86400   0.2481682
0.86800   0.2414761
0.87200   0.2325662
0.87600   0.2222957
0.88000   0.2134758
0.88400   0.2059721
0.88800   0.1986794
0.89200   0.1913285
0.89600   0.1848442
0.90000   0.1782065
0.90400   0.1702371
0.90800   0.1622764
0.91200   0.1543664
0.91600   0.1457745
0.92000   0.1375947
0.92400   0.1293951
0.92800   0.1212313
0.93200   0.1133958
0.93600   0.1059493
0.94000   0.0990468
0.94400   0.0919484
0.94800   0.0850069
0.95200   0.0798065
0.95600   0.0759240
0.96000   0.0719882
0.96400   0.0680273
0.96800   0.0638097
0.97200   0.0594896
0.97600   0.0550765
0.98000   0.0506376
0.98400   0.0462131
0.98800   0.0417243
0.99200   0.0372322
0.99600   0.0328234
1.00000   0.0284879
1.00400   0.0242325
1.00800   0.0200235
1.01200   0.0158771
1.01600   0.0118273
1.02000   0.0078350
1.02400   0.0000000
