# New G.A.S. format
# filter of MegaCam_g
# download from  "Filter Profile Service" (http://svo2.cab.inta-csic.es/theory/fps)
# After the "START" signal, the file is bild as follow:
# Filter name
# nwave: number of wavelenght
# center wavelenght [micron]
# and for l=1 to nwave, lambda [micron] | transmission [without unit]
START
MegaCam_g
061
0.48718
0.37200   0.0000000
0.37400   0.0003554
0.37800   0.0008300
0.38200   0.0014161
0.38600   0.0020965
0.39000   0.0030401
0.39400   0.0044323
0.39800   0.0067078
0.40200   0.0120516
0.40600   0.0313223
0.41000   0.0998138
0.41400   0.2516229
0.41800   0.4263226
0.42200   0.5173781
0.42600   0.5368280
0.43000   0.5518094
0.43400   0.5617779
0.43800   0.5630303
0.44200   0.5746693
0.44600   0.5899869
0.45000   0.5970566
0.45400   0.6004751
0.45800   0.6140549
0.46200   0.6243357
0.46600   0.6210335
0.47000   0.6128126
0.47400   0.6136803
0.47800   0.6242981
0.48200   0.6330611
0.48600   0.6335933
0.49000   0.6318723
0.49400   0.6270494
0.49800   0.6065181
0.50200   0.5827452
0.50600   0.5742682
0.51000   0.5660615
0.51400   0.5490573
0.51800   0.5361219
0.52200   0.5392795
0.52600   0.5521750
0.53000   0.5478731
0.53400   0.5318807
0.53800   0.5319527
0.54200   0.5269995
0.54600   0.4848754
0.55000   0.4280832
0.55400   0.3874315
0.55800   0.3359214
0.56200   0.2478618
0.56600   0.1443879
0.57000   0.0655753
0.57400   0.0247592
0.57800   0.0084304
0.58200   0.0028277
0.58600   0.0010664
0.59000   0.0006316
0.59400   0.0005833
0.59800   0.0005260
0.60200   0.0003609
0.60600   0.0001620
0.61000   0.0000000
