# New G.A.S. format
# In this file, each line of the header is starting by #
#    data are saved after the keyword START
# total SN(SNIa + SNII) [nb/Gyr/Msun] rates are given as a function of the stellar age
#    for an instantaneous bursts (SSP) of 1Msun
#    following a Chabrier+03 IMF (Mmin = 0.1, Mmax = 100 Msun)
#    and for a set of initial metallicities
# At a given age, the normalization is done for M*_liv + M_rem = 1Msun
# This data file has build as follow:
# nAgeBins nMetBins (here 7)
# List of metalicity bins: MetBins
# And for each following data line : AgeBin(i), SN rate(i,1:nMetBins)
----
130 7
      0.0000      0.0001      0.0004      0.004      0.008      0.02      0.05
   0.000000e+00   0.000000e+00   0.000000e+00   0.000000e+00   0.000000e+00   0.000000e+00   0.000000e+00   0.000000e+00
   1.000000e-03   0.000000e+00   0.000000e+00   0.000000e+00   0.000000e+00   0.000000e+00   0.000000e+00   0.000000e+00
   2.089300e-03   0.000000e+00   0.000000e+00   0.000000e+00   0.000000e+00   0.000000e+00   0.000000e+00   0.000000e+00
   3.162300e-03   0.000000e+00   0.000000e+00   0.000000e+00   0.000000e+00   0.000000e+00   0.000000e+00   0.000000e+00
   4.168700e-03   5.642222e-01   5.735231e-01   6.097277e-01   6.847395e-01   4.988987e-01   5.800241e-01   1.038985e+00
   5.248100e-03   5.577173e-01   5.575531e-01   5.638040e-01   5.859274e-01   6.664216e-01   7.016472e-01   8.545115e-01
   6.309600e-03   4.922811e-01   4.927494e-01   5.071742e-01   5.413598e-01   5.839327e-01   5.377896e-01   9.941994e-01
   7.585800e-03   4.198613e-01   4.211115e-01   4.292374e-01   4.486196e-01   4.830780e-01   5.759820e-01   6.739375e-01
   8.709600e-03   4.370269e-01   4.388649e-01   4.476062e-01   4.673769e-01   5.047755e-01   6.075358e-01   6.874052e-01
   1.000000e-02   4.552916e-01   4.578502e-01   4.672570e-01   4.876453e-01   5.286265e-01   4.749481e-01   5.738639e-01
   1.148200e-02   3.796888e-01   3.824500e-01   3.911824e-01   4.096321e-01   4.077839e-01   4.803018e-01   5.692447e-01
   1.258900e-02   3.819329e-01   3.850403e-01   3.940862e-01   4.131197e-01   4.092766e-01   4.839364e-01   5.662155e-01
   1.380400e-02   3.843025e-01   3.877197e-01   3.970844e-01   4.167056e-01   4.108396e-01   4.000267e-01   5.632779e-01
   1.513600e-02   3.868053e-01   3.904881e-01   4.001782e-01   4.204087e-01   3.618619e-01   3.962549e-01   4.619506e-01
   1.659600e-02   3.601171e-01   3.637195e-01   3.574458e-01   3.507662e-01   3.591720e-01   3.925781e-01   4.530251e-01
   1.819700e-02   3.601554e-01   3.638755e-01   3.565334e-01   3.482906e-01   3.565595e-01   3.889975e-01   4.442269e-01
   1.995300e-02   3.603066e-01   3.641003e-01   3.556872e-01   3.458882e-01   3.540257e-01   3.358423e-01   4.355613e-01
   2.187800e-02   3.154290e-01   3.187680e-01   3.125304e-01   3.056021e-01   3.140272e-01   3.294174e-01   4.270238e-01
   2.290900e-02   3.137744e-01   3.170733e-01   3.105363e-01   3.031508e-01   3.115393e-01   3.262051e-01   4.227646e-01
   2.398800e-02   3.121390e-01   3.153733e-01   3.085419e-01   3.007092e-01   3.090601e-01   3.230151e-01   3.532780e-01
   2.511900e-02   3.105202e-01   3.136643e-01   3.065432e-01   2.982733e-01   3.065863e-01   3.198415e-01   3.478200e-01
   2.630300e-02   3.089200e-01   3.119470e-01   3.045418e-01   2.958454e-01   3.041198e-01   3.166876e-01   3.424581e-01
   2.754200e-02   3.073387e-01   3.102210e-01   3.025372e-01   2.934253e-01   3.016608e-01   3.135535e-01   3.371928e-01
   2.900000e-02   3.055906e-01   3.082780e-01   3.002884e-01   2.907237e-01   2.989149e-01   3.100651e-01   3.314027e-01
   3.100000e-02   3.033720e-01   3.057587e-01   2.973834e-01   2.872526e-01   2.953860e-01   3.055978e-01   9.856799e-05
   3.200000e-02   3.023135e-01   3.045308e-01   2.959775e-01   2.855874e-01   2.936922e-01   2.655446e-01   1.817841e-04
   3.300000e-02   3.012933e-01   3.033331e-01   2.946101e-01   2.839742e-01   2.920510e-01   2.629618e-01   2.587659e-04
   3.400000e-02   2.819070e-01   2.836480e-01   2.932787e-01   2.824096e-01   2.904589e-01   2.604835e-01   3.301012e-04
   3.500000e-02   2.805743e-01   2.821474e-01   2.718688e-01   2.808904e-01   2.561859e-01   2.581026e-01   3.963114e-04
   3.700000e-02   2.780613e-01   2.793150e-01   2.687247e-01   2.554583e-01   2.523033e-01   2.536152e-01   5.151696e-04
   3.800000e-02   2.768615e-01   2.779686e-01   2.672311e-01   2.537618e-01   2.504618e-01   2.514901e-01   5.685798e-04
   3.900000e-02   2.757010e-01   2.766677e-01   2.657880e-01   2.521231e-01   2.486838e-01   2.494398e-01   6.184331e-04
   4.000000e-02   2.745774e-01   2.754097e-01   2.643926e-01   2.505390e-01   2.469657e-01   2.474601e-01   6.084830e-04
   4.250000e-02   9.206835e-05   9.224151e-05   0.000000e+00   2.468085e-01   2.429210e-01   1.088843e-04   6.927771e-04
   4.500000e-02   2.468046e-04   2.470061e-04   1.721465e-04   6.751509e-05   9.129825e-05   2.206682e-04   7.643088e-04
   4.750000e-02   3.826732e-04   3.826061e-04   3.009221e-04   1.876234e-04   2.036386e-04   3.179350e-04   8.253749e-04
   5.000000e-02   5.025802e-04   5.020264e-04   4.142854e-04   2.933070e-04   3.023381e-04   4.030199e-04   8.777820e-04
   5.250000e-02   5.559642e-04   5.548691e-04   5.145507e-04   3.867430e-04   3.894651e-04   4.777999e-04   9.229684e-04
   5.500000e-02   6.336358e-04   6.319345e-04   5.540733e-04   4.696995e-04   4.667087e-04   5.041052e-04   9.620835e-04
   5.708800e-02   6.919113e-04   6.897199e-04   6.100796e-04   4.976052e-04   4.830415e-04   5.460161e-04   9.233753e-04
   6.405400e-02   8.516686e-04   8.478452e-04   7.632690e-04   6.450316e-04   6.150532e-04   6.594362e-04   9.818190e-04
   7.187000e-02   1.021435e-03   1.016308e-03   8.948179e-04   7.664938e-04   7.231148e-04   7.511395e-04   1.024209e-03
   8.063900e-02   1.140117e-03   1.134449e-03   9.997188e-04   8.301954e-04   7.679702e-04   7.528893e-04   1.052898e-03
   9.047800e-02   1.235702e-03   1.229747e-03   1.083672e-03   9.005056e-04   8.267237e-04   7.949849e-04   9.687251e-04
   1.015200e-01   1.156945e-03   1.151672e-03   1.041522e-03   9.548707e-04   8.712666e-04   8.251722e-04   9.647280e-04
   1.139100e-01   1.189233e-03   1.184128e-03   1.071760e-03   9.248556e-04   9.035933e-04   8.451963e-04   9.546417e-04
   1.278000e-01   1.210238e-03   1.205325e-03   1.091313e-03   9.427673e-04   8.692273e-04   7.954274e-04   9.396139e-04
   1.434000e-01   1.221790e-03   1.217059e-03   1.101885e-03   9.523272e-04   8.758539e-04   7.936379e-04   9.206302e-04
   1.609000e-01   1.200000e-03   1.195509e-03   1.094610e-03   9.548646e-04   8.760871e-04   7.868959e-04   8.985675e-04
   1.805300e-01   1.194490e-03   1.190277e-03   1.042119e-03   9.515625e-04   8.710241e-04   7.761258e-04   8.121678e-04
   2.025600e-01   1.183650e-03   1.179958e-03   1.029035e-03   8.506804e-04   7.548830e-04   7.621195e-04   7.835747e-04
   2.272700e-01   1.168432e-03   1.165523e-03   1.012460e-03   8.324617e-04   7.350011e-04   6.697628e-04   7.543503e-04
   2.550000e-01   1.149647e-03   1.147823e-03   9.931388e-04   8.121574e-04   7.136182e-04   6.478215e-04   7.248298e-04
   2.861200e-01   1.084559e-03   1.084151e-03   9.717184e-04   7.902914e-04   6.911688e-04   6.251491e-04   6.952845e-04
   3.210300e-01   1.058035e-03   1.059162e-03   8.900318e-04   7.673449e-04   6.680244e-04   6.020645e-04   6.659356e-04
   3.602000e-01   1.030276e-03   1.033114e-03   8.628941e-04   7.436807e-04   6.444864e-04   5.788078e-04   6.369733e-04
   4.041500e-01   8.210486e-04   8.249240e-04   8.354639e-04   6.516164e-04   6.208029e-04   5.555827e-04   5.945651e-04
   4.534700e-01   7.851054e-04   7.902632e-04   8.079811e-04   6.252039e-04   5.611291e-04   5.325631e-04   5.665875e-04
   5.088000e-01   7.501043e-04   7.565493e-04   7.351613e-04   5.992678e-04   5.368610e-04   5.065647e-04   5.394564e-04
   5.708800e-01   7.161120e-04   7.238468e-04   7.066049e-04   5.739122e-04   5.131591e-04   4.842855e-04   5.132262e-04
   6.405400e-01   6.831749e-04   6.922117e-04   6.787025e-04   6.519405e-04   4.900985e-04   4.625617e-04   4.879343e-04
   7.187000e-01   6.513264e-04   6.616791e-04   6.515316e-04   6.313102e-04   5.942263e-04   4.414586e-04   5.609094e-04
   8.064000e-01   6.205927e-04   6.322624e-04   6.251485e-04   6.108403e-04   5.768314e-04   5.063496e-04   5.393546e-04
   9.047900e-01   5.910478e-04   6.039350e-04   5.995937e-04   5.906424e-04   5.594773e-04   4.889432e-04   5.182763e-04
   1.015200e+00   5.626772e-04   5.767123e-04   5.748626e-04   5.707902e-04   5.422544e-04   4.717736e-04   4.977470e-04
   1.139100e+00   5.354663e-04   5.505811e-04   5.509801e-04   5.513444e-04   5.252415e-04   4.549140e-04   4.778312e-04
   1.278100e+00   5.093904e-04   5.254849e-04   5.279524e-04   5.323653e-04   5.085007e-04   4.384357e-04   4.585582e-04
   1.434000e+00   4.844324e-04   5.014103e-04   5.057398e-04   5.138756e-04   4.920824e-04   4.223788e-04   4.399560e-04
   1.609000e+00   4.100014e-04   4.258212e-04   4.843190e-04   4.958558e-04   4.760026e-04   4.067621e-04   4.220192e-04
   1.680000e+00   3.742889e-04   3.892153e-04   4.578388e-04   4.891338e-04   4.699781e-04   4.009603e-04   4.154055e-04
   1.700000e+00   3.650495e-04   3.797353e-04   4.464231e-04   4.872946e-04   4.683272e-04   3.993752e-04   4.136015e-04
   1.800000e+00   3.235557e-04   3.371347e-04   3.952149e-04   4.785507e-04   4.604746e-04   3.918399e-04   4.050368e-04
   1.900000e+00   2.886384e-04   3.012288e-04   3.521740e-04   4.703897e-04   4.531274e-04   3.848195e-04   3.970797e-04
   2.000000e+00   2.589920e-04   2.706964e-04   3.156707e-04   4.228055e-04   4.462308e-04   3.782495e-04   3.896630e-04
   2.100000e+00   2.336103e-04   2.445183e-04   2.844515e-04   3.792632e-04   4.397413e-04   3.720843e-04   3.827214e-04
   2.200000e+00   1.652810e-04   1.732357e-04   2.575562e-04   3.419131e-04   4.058466e-04   3.662824e-04   3.762074e-04
   2.300000e+00   1.521069e-04   1.595903e-04   2.342248e-04   3.096555e-04   3.671020e-04   3.608109e-04   3.700806e-04
   2.400000e+00   1.404755e-04   1.475306e-04   1.554745e-04   2.816135e-04   3.334724e-04   3.556334e-04   3.530975e-04
   2.500000e+00   1.301538e-04   1.368187e-04   1.443414e-04   2.570980e-04   3.041145e-04   3.507286e-04   3.240346e-04
   2.600000e+00   1.209485e-04   1.272563e-04   1.343941e-04   2.355462e-04   2.783412e-04   3.360999e-04   2.983694e-04
   2.750000e+00   1.089024e-04   1.147291e-04   1.213494e-04   1.339463e-04   2.452446e-04   2.975693e-04   2.651682e-04
   3.000000e+00   8.814932e-05   9.305117e-05   1.035742e-04   1.147453e-04   1.056554e-04   2.463905e-04   2.208582e-04
   3.250000e+00   7.614723e-05   8.051798e-05   8.451432e-05   9.951452e-05   9.260548e-05   2.071136e-04   1.866594e-04
   3.500000e+00   6.649201e-05   7.041586e-05   7.409839e-05   8.721662e-05   8.196358e-05   1.763475e-04   1.221304e-04
   3.750000e+00   5.860208e-05   6.214602e-05   6.555399e-05   7.187787e-05   7.315640e-05   1.060948e-04   1.076151e-04
   4.000000e+00   5.042459e-05   5.354112e-05   5.845076e-05   6.430507e-05   6.577515e-05   9.443284e-05   9.560149e-05
   4.250000e+00   4.519598e-05   4.804255e-05   5.144402e-05   5.791876e-05   6.768134e-05   8.464764e-05   8.553773e-05
   4.500000e+00   4.076175e-05   4.337310e-05   4.651058e-05   5.247786e-05   6.127471e-05   7.635022e-05   7.289840e-05
   4.750000e+00   3.696703e-05   3.937204e-05   4.227791e-05   4.780134e-05   5.577256e-05   5.523275e-05   6.617345e-05
   5.000000e+00   3.369232e-05   3.591522e-05   3.861715e-05   4.375423e-05   5.100960e-05   5.077086e-05   6.036639e-05
   5.250000e+00   3.084577e-05   3.290706e-05   3.542833e-05   4.021810e-05   4.685588e-05   4.686103e-05   5.531551e-05
   5.500000e+00   0.000000e+00   0.000000e+00   3.263178e-05   3.711232e-05   4.321013e-05   4.341332e-05   5.089219e-05
   5.750000e+00   0.000000e+00   0.000000e+00   3.016487e-05   3.436836e-05   3.673730e-05   4.035603e-05   4.699542e-05
   6.000000e+00   0.000000e+00   0.000000e+00   2.797689e-05   3.193129e-05   3.420040e-05   3.763011e-05   3.626381e-05
   6.250000e+00   0.000000e+00   0.000000e+00   0.000000e+00   2.975555e-05   3.193146e-05   3.518829e-05   3.388839e-05
   6.500000e+00   0.000000e+00   0.000000e+00   0.000000e+00   2.780452e-05   2.989311e-05   3.299131e-05   3.175244e-05
   6.750000e+00   0.000000e+00   0.000000e+00   0.000000e+00   2.604766e-05   2.805436e-05   3.100658e-05   2.982396e-05
   7.000000e+00   0.000000e+00   0.000000e+00   0.000000e+00   2.445949e-05   2.638954e-05   2.992160e-05   2.807620e-05
   7.250000e+00   0.000000e+00   0.000000e+00   0.000000e+00   0.000000e+00   2.487643e-05   2.822800e-05   2.648690e-05
   7.500000e+00   0.000000e+00   0.000000e+00   0.000000e+00   0.000000e+00   2.349686e-05   2.668270e-05   2.503650e-05
   7.750000e+00   0.000000e+00   0.000000e+00   0.000000e+00   0.000000e+00   2.223518e-05   2.526841e-05   2.370903e-05
   8.000000e+00   0.000000e+00   0.000000e+00   0.000000e+00   0.000000e+00   2.107797e-05   2.397031e-05   2.249061e-05
   8.250000e+00   0.000000e+00   0.000000e+00   0.000000e+00   0.000000e+00   2.001373e-05   2.277568e-05   2.136928e-05
   8.500000e+00   0.000000e+00   0.000000e+00   0.000000e+00   0.000000e+00   0.000000e+00   2.167368e-05   2.033471e-05
   8.750000e+00   0.000000e+00   0.000000e+00   0.000000e+00   0.000000e+00   0.000000e+00   2.065436e-05   1.937792e-05
   9.000000e+00   0.000000e+00   0.000000e+00   0.000000e+00   0.000000e+00   0.000000e+00   1.970958e-05   0.000000e+00
   9.250000e+00   0.000000e+00   0.000000e+00   0.000000e+00   0.000000e+00   0.000000e+00   1.883205e-05   0.000000e+00
   9.500000e+00   0.000000e+00   0.000000e+00   0.000000e+00   0.000000e+00   0.000000e+00   1.801536e-05   0.000000e+00
   9.750000e+00   0.000000e+00   0.000000e+00   0.000000e+00   0.000000e+00   0.000000e+00   1.725384e-05   0.000000e+00
   1.000000e+01   0.000000e+00   0.000000e+00   0.000000e+00   0.000000e+00   0.000000e+00   1.654251e-05   0.000000e+00
   1.025000e+01   0.000000e+00   0.000000e+00   0.000000e+00   0.000000e+00   0.000000e+00   1.587692e-05   0.000000e+00
   1.050000e+01   0.000000e+00   0.000000e+00   0.000000e+00   0.000000e+00   0.000000e+00   0.000000e+00   0.000000e+00
   1.075000e+01   0.000000e+00   0.000000e+00   0.000000e+00   0.000000e+00   0.000000e+00   0.000000e+00   0.000000e+00
   1.100000e+01   0.000000e+00   0.000000e+00   0.000000e+00   0.000000e+00   0.000000e+00   0.000000e+00   0.000000e+00
   1.125000e+01   0.000000e+00   0.000000e+00   0.000000e+00   0.000000e+00   0.000000e+00   0.000000e+00   0.000000e+00
   1.150000e+01   0.000000e+00   0.000000e+00   0.000000e+00   0.000000e+00   0.000000e+00   0.000000e+00   0.000000e+00
   1.175000e+01   0.000000e+00   0.000000e+00   0.000000e+00   0.000000e+00   0.000000e+00   0.000000e+00   0.000000e+00
   1.200000e+01   0.000000e+00   0.000000e+00   0.000000e+00   0.000000e+00   0.000000e+00   0.000000e+00   0.000000e+00
   1.225000e+01   0.000000e+00   0.000000e+00   0.000000e+00   0.000000e+00   0.000000e+00   0.000000e+00   0.000000e+00
   1.250000e+01   0.000000e+00   0.000000e+00   0.000000e+00   0.000000e+00   0.000000e+00   0.000000e+00   0.000000e+00
   1.275000e+01   0.000000e+00   0.000000e+00   0.000000e+00   0.000000e+00   0.000000e+00   0.000000e+00   0.000000e+00
   1.300000e+01   0.000000e+00   0.000000e+00   0.000000e+00   0.000000e+00   0.000000e+00   0.000000e+00   0.000000e+00
   1.325000e+01   0.000000e+00   0.000000e+00   0.000000e+00   0.000000e+00   0.000000e+00   0.000000e+00   0.000000e+00
   1.350000e+01   0.000000e+00   0.000000e+00   0.000000e+00   0.000000e+00   0.000000e+00   0.000000e+00   0.000000e+00
   1.375000e+01   0.000000e+00   0.000000e+00   0.000000e+00   0.000000e+00   0.000000e+00   0.000000e+00   0.000000e+00
   1.400000e+01   0.000000e+00   0.000000e+00   0.000000e+00   0.000000e+00   0.000000e+00   0.000000e+00   0.000000e+00
   1.425000e+01   0.000000e+00   0.000000e+00   0.000000e+00   0.000000e+00   0.000000e+00   0.000000e+00   0.000000e+00
   1.450000e+01   0.000000e+00   0.000000e+00   0.000000e+00   0.000000e+00   0.000000e+00   0.000000e+00   0.000000e+00
   1.475000e+01   0.000000e+00   0.000000e+00   0.000000e+00   0.000000e+00   0.000000e+00   0.000000e+00   0.000000e+00
   1.500000e+01   0.000000e+00   0.000000e+00   0.000000e+00   0.000000e+00   0.000000e+00   0.000000e+00   0.000000e+00
