# New G.A.S. format
# In this file, each line of the header is starting by #
#    data are saved after the keyword START
# total SN(SNIa + SNII) [nb/Gyr/Msun] rates are given as a function of the stellar age
#    for an instantaneous bursts (SSP) of 1Msun
#    following a Kroupa+93 IMF (Mmin = 0.1, Mmax = 100 Msun)
#    and for a set of initial metallicities
# At a given age, the normalization is done for M*_liv + M_rem = 1Msun
# This data file has build as follow:
# nAgeBins nMetBins (here 7)
# List of metalicity bins: MetBins
# And for each following data line : AgeBin(i), SN rate(i,1:nMetBins)
----
130 7
      0.0000      0.0001      0.0004      0.004      0.008      0.02      0.05
   0.000000e+00   0.000000e+00   0.000000e+00   0.000000e+00   0.000000e+00   0.000000e+00   0.000000e+00   0.000000e+00
   1.000000e-03   0.000000e+00   0.000000e+00   0.000000e+00   0.000000e+00   0.000000e+00   0.000000e+00   0.000000e+00
   2.089300e-03   0.000000e+00   0.000000e+00   0.000000e+00   0.000000e+00   0.000000e+00   0.000000e+00   0.000000e+00
   3.162300e-03   0.000000e+00   0.000000e+00   0.000000e+00   0.000000e+00   0.000000e+00   0.000000e+00   0.000000e+00
   4.168700e-03   1.411574e-01   1.417128e-01   1.499295e-01   1.662411e-01   1.203851e-01   1.394160e-01   2.769176e-01
   5.248100e-03   1.579885e-01   1.579495e-01   1.586462e-01   1.607303e-01   1.840575e-01   1.959408e-01   2.612664e-01
   6.309600e-03   1.518664e-01   1.518781e-01   1.553811e-01   1.623019e-01   1.758670e-01   1.661194e-01   3.310874e-01
   7.585800e-03   1.389715e-01   1.390671e-01   1.409132e-01   1.445691e-01   1.562189e-01   1.903187e-01   2.401343e-01
   8.709600e-03   1.514486e-01   1.516127e-01   1.537316e-01   1.577993e-01   1.713136e-01   2.109202e-01   2.543030e-01
   1.000000e-02   1.651199e-01   1.653769e-01   1.678045e-01   1.723506e-01   1.880331e-01   1.714343e-01   2.203859e-01
   1.148200e-02   1.432915e-01   1.435968e-01   1.459834e-01   1.504065e-01   1.499039e-01   1.796036e-01   2.254060e-01
   1.258900e-02   1.476783e-01   1.480385e-01   1.506075e-01   1.553563e-01   1.539075e-01   1.852828e-01   2.288357e-01
   1.380400e-02   1.522296e-01   1.526425e-01   1.554034e-01   1.604944e-01   1.580409e-01   1.564953e-01   2.323471e-01
   1.513600e-02   1.569491e-01   1.574106e-01   1.603735e-01   1.658258e-01   1.423064e-01   1.580529e-01   1.937397e-01
   1.659600e-02   1.494372e-01   1.499025e-01   1.463193e-01   1.410603e-01   1.440778e-01   1.596428e-01   1.932693e-01
   1.819700e-02   1.527916e-01   1.532846e-01   1.490585e-01   1.428781e-01   1.458887e-01   1.612677e-01   1.928002e-01
   1.995300e-02   1.562532e-01   1.567670e-01   1.518706e-01   1.447376e-01   1.477413e-01   1.416953e-01   1.923335e-01
   2.187800e-02   1.396701e-01   1.401293e-01   1.361610e-01   1.303564e-01   1.335091e-01   1.413556e-01   1.918678e-01
   2.290900e-02   1.402778e-01   1.407332e-01   1.365617e-01   1.304640e-01   1.336349e-01   1.411808e-01   1.916289e-01
   2.398800e-02   1.408919e-01   1.413383e-01   1.369624e-01   1.305710e-01   1.337601e-01   1.410058e-01   1.613877e-01
   2.511900e-02   1.415135e-01   1.419453e-01   1.373636e-01   1.306777e-01   1.338849e-01   1.408301e-01   1.600849e-01
   2.630300e-02   1.421418e-01   1.425532e-01   1.377644e-01   1.307835e-01   1.340089e-01   1.406539e-01   1.587965e-01
   2.754200e-02   1.427767e-01   1.431611e-01   1.381643e-01   1.308884e-01   1.341319e-01   1.404768e-01   1.575227e-01
   2.900000e-02   1.434972e-01   1.438435e-01   1.386121e-01   1.310052e-01   1.342689e-01   1.402778e-01   1.561119e-01
   3.100000e-02   1.444438e-01   1.447281e-01   1.391913e-01   1.311557e-01   1.344456e-01   1.400202e-01   3.550885e-05
   3.200000e-02   1.448973e-01   1.451452e-01   1.394626e-01   1.312233e-01   1.345255e-01   1.223801e-01   6.572509e-05
   3.300000e-02   1.453398e-01   1.455487e-01   1.397244e-01   1.312879e-01   1.346020e-01   1.218195e-01   9.388822e-05
   3.400000e-02   1.368192e-01   1.369763e-01   1.399771e-01   1.313494e-01   1.346750e-01   1.212792e-01   1.201808e-04
   3.500000e-02   1.369499e-01   1.370690e-01   1.305129e-01   1.314080e-01   1.194274e-01   1.207580e-01   1.447660e-04
   3.700000e-02   1.372081e-01   1.372534e-01   1.304327e-01   1.207414e-01   1.187941e-01   1.197694e-01   1.893821e-04
   3.800000e-02   1.373333e-01   1.373438e-01   1.303958e-01   1.205365e-01   1.184924e-01   1.192987e-01   2.096573e-04
   3.900000e-02   1.374568e-01   1.374335e-01   1.303613e-01   1.203384e-01   1.182002e-01   1.188429e-01   2.287221e-04
   4.000000e-02   1.375787e-01   1.375226e-01   1.303290e-01   1.201466e-01   1.179171e-01   1.184012e-01   2.256784e-04
   4.250000e-02   3.531192e-05   3.527704e-05   0.000000e+00   1.196946e-01   1.172475e-01   3.978511e-05   2.585845e-04
   4.500000e-02   9.540530e-05   9.525936e-05   6.557592e-05   2.503993e-05   3.366623e-05   8.117803e-05   2.869926e-04
   4.750000e-02   1.490339e-04   1.487298e-04   1.155077e-04   7.008265e-05   7.560798e-05   1.177137e-04   3.116670e-04
   5.000000e-02   1.971267e-04   1.966296e-04   1.601784e-04   1.103019e-04   1.129869e-04   1.501297e-04   3.332155e-04
   5.250000e-02   2.194988e-04   2.188453e-04   2.003237e-04   1.463805e-04   1.464530e-04   1.790247e-04   3.521275e-04
   5.500000e-02   2.516604e-04   2.508159e-04   2.170525e-04   1.788776e-04   1.765429e-04   1.898689e-04   3.687974e-04
   5.708800e-02   2.761295e-04   2.751318e-04   2.401644e-04   1.904120e-04   1.835482e-04   2.065099e-04   3.552799e-04
   6.405400e-02   3.449507e-04   3.434602e-04   3.050021e-04   2.503685e-04   2.368890e-04   2.525881e-04   3.818525e-04
   7.187000e-02   4.200828e-04   4.181464e-04   3.629109e-04   3.017345e-04   2.822502e-04   2.913359e-04   4.027003e-04
   8.063900e-02   4.763780e-04   4.741963e-04   4.114907e-04   3.312810e-04   3.036335e-04   2.953814e-04   4.185723e-04
   9.047800e-02   5.247298e-04   5.223732e-04   4.527932e-04   3.641863e-04   3.309704e-04   3.154800e-04   3.893679e-04
   1.015200e-01   4.988554e-04   4.966917e-04   4.418461e-04   3.914623e-04   3.532472e-04   3.312719e-04   3.917681e-04
   1.139100e-01   5.205213e-04   5.183461e-04   4.611328e-04   3.843295e-04   3.710938e-04   3.433176e-04   3.917313e-04
   1.278000e-01   5.378511e-04   5.356796e-04   4.763296e-04   3.969310e-04   3.613591e-04   3.266640e-04   3.896535e-04
   1.434000e-01   5.514854e-04   5.493224e-04   4.880280e-04   4.063288e-04   3.687090e-04   3.296317e-04   3.858844e-04
   1.609000e-01   5.501515e-04   5.480384e-04   4.920828e-04   4.129640e-04   3.735372e-04   3.305984e-04   3.807316e-04
   1.805300e-01   5.563689e-04   5.543086e-04   4.752264e-04   4.172445e-04   3.762205e-04   3.298850e-04   3.476285e-04
   2.025600e-01   5.603359e-04   5.584091e-04   4.762059e-04   3.777085e-04   3.300992e-04   3.277728e-04   3.388699e-04
   2.272700e-01   5.623900e-04   5.606904e-04   4.755960e-04   3.744345e-04   3.252095e-04   2.910955e-04   3.296543e-04
   2.550000e-01   5.628315e-04   5.614730e-04   4.736766e-04   3.701380e-04   3.195380e-04   2.846587e-04   3.201161e-04
   2.861200e-01   5.400756e-04   5.392201e-04   4.706931e-04   3.650177e-04   3.132520e-04   2.777585e-04   3.103684e-04
   3.210300e-01   5.359488e-04   5.356385e-04   4.377158e-04   3.592549e-04   3.064963e-04   2.705203e-04   3.005054e-04
   3.602000e-01   5.310526e-04   5.313822e-04   4.307958e-04   3.529940e-04   2.993924e-04   2.630438e-04   2.906093e-04
   4.041500e-01   4.305784e-04   4.314567e-04   4.235112e-04   3.132313e-04   2.920423e-04   2.554138e-04   2.742512e-04
   4.534700e-01   4.178679e-04   4.192883e-04   4.159656e-04   3.044208e-04   2.671541e-04   2.477050e-04   2.642415e-04
   5.088000e-01   4.052758e-04   4.072644e-04   3.841461e-04   2.956131e-04   2.587288e-04   2.383928e-04   2.544100e-04
   5.708800e-01   3.928418e-04   3.954259e-04   3.748118e-04   2.868591e-04   2.503724e-04   2.306359e-04   2.447879e-04
   6.405400e-01   3.805971e-04   3.838099e-04   3.655350e-04   3.308034e-04   2.421236e-04   2.229612e-04   2.353996e-04
   7.187000e-01   3.685669e-04   3.724444e-04   3.563573e-04   3.254886e-04   2.977838e-04   2.154021e-04   2.743568e-04
   8.064000e-01   3.567741e-04   3.613492e-04   3.473126e-04   3.200787e-04   2.937821e-04   2.504866e-04   2.675550e-04
   9.047900e-01   3.452630e-04   3.505225e-04   3.384288e-04   3.146247e-04   2.896629e-04   2.455291e-04   2.607975e-04
   1.015200e+00   3.340410e-04   3.399848e-04   3.297125e-04   3.091624e-04   2.854668e-04   2.405393e-04   2.541187e-04
   1.139100e+00   3.231149e-04   3.297429e-04   3.211848e-04   3.037227e-04   2.812310e-04   2.355507e-04   2.475509e-04
   1.278100e+00   3.124831e-04   3.197781e-04   3.128581e-04   2.983362e-04   2.769838e-04   2.305963e-04   2.411128e-04
   1.434000e+00   3.021510e-04   3.100956e-04   3.047195e-04   2.930184e-04   2.727496e-04   2.256976e-04   2.348232e-04
   1.609000e+00   2.573364e-04   2.648929e-04   2.967694e-04   2.877664e-04   2.685419e-04   2.208689e-04   2.286885e-04
   1.680000e+00   2.348835e-04   2.420492e-04   2.813354e-04   2.857791e-04   2.669392e-04   2.190565e-04   2.264092e-04
   1.700000e+00   2.290762e-04   2.361360e-04   2.742919e-04   2.852328e-04   2.664977e-04   2.185597e-04   2.257857e-04
   1.800000e+00   2.029989e-04   2.095691e-04   2.427048e-04   2.826320e-04   2.643956e-04   2.161908e-04   2.228154e-04
   1.900000e+00   1.810630e-04   1.871915e-04   2.161772e-04   2.801898e-04   2.624150e-04   2.139713e-04   2.200408e-04
   2.000000e+00   1.624448e-04   1.681743e-04   1.936960e-04   2.518432e-04   2.605436e-04   2.118817e-04   2.174423e-04
   2.100000e+00   1.465095e-04   1.518773e-04   1.744817e-04   2.257675e-04   2.587731e-04   2.099103e-04   2.149977e-04
   2.200000e+00   1.036479e-04   1.075819e-04   1.579389e-04   2.034207e-04   2.391947e-04   2.080457e-04   2.126933e-04
   2.300000e+00   9.538149e-05   9.909606e-05   1.435959e-04   1.841377e-04   2.162224e-04   2.062799e-04   2.105174e-04
   2.400000e+00   8.808411e-05   9.159842e-05   9.529588e-05   1.673879e-04   1.963006e-04   2.046005e-04   2.014772e-04
   2.500000e+00   8.160941e-05   8.494045e-05   8.846012e-05   1.527553e-04   1.789241e-04   2.030037e-04   1.847639e-04
   2.600000e+00   7.583560e-05   7.899823e-05   8.235415e-05   1.399002e-04   1.636809e-04   1.951609e-04   1.700181e-04
   2.750000e+00   6.828069e-05   7.121529e-05   7.434900e-05   7.951706e-05   1.441219e-04   1.726340e-04   1.509598e-04
   3.000000e+00   5.526734e-05   5.775302e-05   6.344468e-05   6.808814e-05   6.202871e-05   1.427512e-04   1.255584e-04
   3.250000e+00   4.774241e-05   4.997159e-05   5.176159e-05   5.902911e-05   5.434474e-05   1.198592e-04   1.059897e-04
   3.500000e+00   4.168971e-05   4.370137e-05   4.537780e-05   5.171891e-05   4.808253e-05   1.019560e-04   6.927721e-05
   3.750000e+00   3.674404e-05   3.856948e-05   4.014276e-05   4.261262e-05   4.290265e-05   6.128812e-05   6.100228e-05
   4.000000e+00   3.161807e-05   3.323025e-05   3.579177e-05   3.811584e-05   3.856352e-05   5.452438e-05   5.416006e-05
   4.250000e+00   2.834089e-05   2.981904e-05   3.150093e-05   3.432507e-05   3.967188e-05   4.885328e-05   4.843318e-05
   4.500000e+00   2.556168e-05   2.692244e-05   2.848018e-05   3.109648e-05   3.590820e-05   4.404751e-05   4.125726e-05
   4.750000e+00   2.318333e-05   2.444064e-05   2.588888e-05   2.832228e-05   3.267719e-05   3.185367e-05   3.743647e-05
   5.000000e+00   2.113085e-05   2.229646e-05   2.364796e-05   2.592212e-05   2.988134e-05   2.927332e-05   3.413919e-05
   5.250000e+00   1.934670e-05   2.043060e-05   2.169614e-05   2.382545e-05   2.744390e-05   2.701308e-05   3.127291e-05
   5.500000e+00   0.000000e+00   0.000000e+00   1.998452e-05   2.198432e-05   2.530519e-05   2.502068e-05   2.876398e-05
   5.750000e+00   0.000000e+00   0.000000e+00   1.847473e-05   2.035799e-05   2.151207e-05   2.325452e-05   2.655475e-05
   6.000000e+00   0.000000e+00   0.000000e+00   1.713570e-05   1.891382e-05   2.002472e-05   2.168021e-05   2.048616e-05
   6.250000e+00   0.000000e+00   0.000000e+00   0.000000e+00   1.762467e-05   1.869476e-05   2.027038e-05   1.914092e-05
   6.500000e+00   0.000000e+00   0.000000e+00   0.000000e+00   1.646883e-05   1.750019e-05   1.900223e-05   1.793166e-05
   6.750000e+00   0.000000e+00   0.000000e+00   0.000000e+00   1.542813e-05   1.642278e-05   1.785688e-05   1.684016e-05
   7.000000e+00   0.000000e+00   0.000000e+00   0.000000e+00   1.448747e-05   1.544748e-05   1.723013e-05   1.585120e-05
   7.250000e+00   0.000000e+00   0.000000e+00   0.000000e+00   0.000000e+00   1.456115e-05   1.625318e-05   1.495213e-05
   7.500000e+00   0.000000e+00   0.000000e+00   0.000000e+00   0.000000e+00   1.375316e-05   1.536196e-05   1.413181e-05
   7.750000e+00   0.000000e+00   0.000000e+00   0.000000e+00   0.000000e+00   1.301431e-05   1.454646e-05   1.338118e-05
   8.000000e+00   0.000000e+00   0.000000e+00   0.000000e+00   0.000000e+00   1.233672e-05   1.379808e-05   1.269234e-05
   8.250000e+00   0.000000e+00   0.000000e+00   0.000000e+00   0.000000e+00   1.171363e-05   1.310947e-05   1.205852e-05
   8.500000e+00   0.000000e+00   0.000000e+00   0.000000e+00   0.000000e+00   0.000000e+00   1.247438e-05   1.147383e-05
   8.750000e+00   0.000000e+00   0.000000e+00   0.000000e+00   0.000000e+00   0.000000e+00   1.188700e-05   1.093320e-05
   9.000000e+00   0.000000e+00   0.000000e+00   0.000000e+00   0.000000e+00   0.000000e+00   1.134266e-05   0.000000e+00
   9.250000e+00   0.000000e+00   0.000000e+00   0.000000e+00   0.000000e+00   0.000000e+00   1.083713e-05   0.000000e+00
   9.500000e+00   0.000000e+00   0.000000e+00   0.000000e+00   0.000000e+00   0.000000e+00   1.036670e-05   0.000000e+00
   9.750000e+00   0.000000e+00   0.000000e+00   0.000000e+00   0.000000e+00   0.000000e+00   9.928107e-06   0.000000e+00
   1.000000e+01   0.000000e+00   0.000000e+00   0.000000e+00   0.000000e+00   0.000000e+00   9.518462e-06   0.000000e+00
   1.025000e+01   0.000000e+00   0.000000e+00   0.000000e+00   0.000000e+00   0.000000e+00   9.135197e-06   0.000000e+00
   1.050000e+01   0.000000e+00   0.000000e+00   0.000000e+00   0.000000e+00   0.000000e+00   0.000000e+00   0.000000e+00
   1.075000e+01   0.000000e+00   0.000000e+00   0.000000e+00   0.000000e+00   0.000000e+00   0.000000e+00   0.000000e+00
   1.100000e+01   0.000000e+00   0.000000e+00   0.000000e+00   0.000000e+00   0.000000e+00   0.000000e+00   0.000000e+00
   1.125000e+01   0.000000e+00   0.000000e+00   0.000000e+00   0.000000e+00   0.000000e+00   0.000000e+00   0.000000e+00
   1.150000e+01   0.000000e+00   0.000000e+00   0.000000e+00   0.000000e+00   0.000000e+00   0.000000e+00   0.000000e+00
   1.175000e+01   0.000000e+00   0.000000e+00   0.000000e+00   0.000000e+00   0.000000e+00   0.000000e+00   0.000000e+00
   1.200000e+01   0.000000e+00   0.000000e+00   0.000000e+00   0.000000e+00   0.000000e+00   0.000000e+00   0.000000e+00
   1.225000e+01   0.000000e+00   0.000000e+00   0.000000e+00   0.000000e+00   0.000000e+00   0.000000e+00   0.000000e+00
   1.250000e+01   0.000000e+00   0.000000e+00   0.000000e+00   0.000000e+00   0.000000e+00   0.000000e+00   0.000000e+00
   1.275000e+01   0.000000e+00   0.000000e+00   0.000000e+00   0.000000e+00   0.000000e+00   0.000000e+00   0.000000e+00
   1.300000e+01   0.000000e+00   0.000000e+00   0.000000e+00   0.000000e+00   0.000000e+00   0.000000e+00   0.000000e+00
   1.325000e+01   0.000000e+00   0.000000e+00   0.000000e+00   0.000000e+00   0.000000e+00   0.000000e+00   0.000000e+00
   1.350000e+01   0.000000e+00   0.000000e+00   0.000000e+00   0.000000e+00   0.000000e+00   0.000000e+00   0.000000e+00
   1.375000e+01   0.000000e+00   0.000000e+00   0.000000e+00   0.000000e+00   0.000000e+00   0.000000e+00   0.000000e+00
   1.400000e+01   0.000000e+00   0.000000e+00   0.000000e+00   0.000000e+00   0.000000e+00   0.000000e+00   0.000000e+00
   1.425000e+01   0.000000e+00   0.000000e+00   0.000000e+00   0.000000e+00   0.000000e+00   0.000000e+00   0.000000e+00
   1.450000e+01   0.000000e+00   0.000000e+00   0.000000e+00   0.000000e+00   0.000000e+00   0.000000e+00   0.000000e+00
   1.475000e+01   0.000000e+00   0.000000e+00   0.000000e+00   0.000000e+00   0.000000e+00   0.000000e+00   0.000000e+00
   1.500000e+01   0.000000e+00   0.000000e+00   0.000000e+00   0.000000e+00   0.000000e+00   0.000000e+00   0.000000e+00
