# New G.A.S. format
# In this file, each line of the header is starting by #
#    data are saved after the keyword START
# total SN(SNIa + SNII) [nb/Gyr/Msun] rates are given as a function of the stellar age
#    for an instantaneous bursts (SSP) of 1Msun
#    following a Scalo+98 IMF (Mmin = 0.1, Mmax = 100 Msun)
#    and for a set of initial metallicities
# At a given age, the normalization is done for M*_liv + M_rem = 1Msun
# This data file has build as follow:
# nAgeBins nMetBins (here 7)
# List of metalicity bins: MetBins
# And for each following data line : AgeBin(i), SN rate(i,1:nMetBins)
----
130 7
      0.0000      0.0001      0.0004      0.004      0.008      0.02      0.05
   0.000000e+00   0.000000e+00   0.000000e+00   0.000000e+00   0.000000e+00   0.000000e+00   0.000000e+00   0.000000e+00
   1.000000e-03   0.000000e+00   0.000000e+00   0.000000e+00   0.000000e+00   0.000000e+00   0.000000e+00   0.000000e+00
   2.089300e-03   0.000000e+00   0.000000e+00   0.000000e+00   0.000000e+00   0.000000e+00   0.000000e+00   0.000000e+00
   3.162300e-03   0.000000e+00   0.000000e+00   0.000000e+00   0.000000e+00   0.000000e+00   0.000000e+00   0.000000e+00
   4.168700e-03   3.816563e-01   3.858894e-01   4.092089e-01   4.564608e-01   3.304948e-01   3.824792e-01   6.802656e-01
   5.248100e-03   3.738180e-01   3.737443e-01   3.766766e-01   3.866574e-01   4.379442e-01   4.586031e-01   5.531891e-01
   6.309600e-03   3.286118e-01   3.288204e-01   3.372994e-01   3.559778e-01   3.822079e-01   3.497850e-01   6.395758e-01
   7.585800e-03   2.790854e-01   2.796373e-01   2.840446e-01   2.939006e-01   3.151561e-01   3.732598e-01   4.304356e-01
   8.709600e-03   2.896047e-01   2.904106e-01   2.951519e-01   3.052770e-01   3.284125e-01   3.923632e-01   4.371923e-01
   1.000000e-02   3.006884e-01   3.018023e-01   3.069004e-01   3.173968e-01   3.427181e-01   3.053395e-01   3.634292e-01
   1.148200e-02   2.498188e-01   2.510111e-01   2.558005e-01   2.654398e-01   2.630904e-01   3.075424e-01   3.591535e-01
   1.258900e-02   2.507526e-01   2.520883e-01   2.570494e-01   2.669954e-01   2.633813e-01   3.090279e-01   3.563394e-01
   1.380400e-02   2.517359e-01   2.531976e-01   2.583322e-01   2.685853e-01   2.636958e-01   2.547295e-01   3.535717e-01
   1.513600e-02   2.527710e-01   2.543386e-01   2.596487e-01   2.702166e-01   2.316338e-01   2.517223e-01   2.891917e-01
   1.659600e-02   2.347402e-01   2.362655e-01   2.312842e-01   2.248051e-01   2.293503e-01   2.487725e-01   2.829772e-01
   1.819700e-02   2.341903e-01   2.357576e-01   2.301094e-01   2.226634e-01   2.271101e-01   2.458794e-01   2.768762e-01
   1.995300e-02   2.336865e-01   2.352764e-01   2.289641e-01   2.205620e-01   2.249131e-01   2.117278e-01   2.648721e-01
   2.187800e-02   2.040276e-01   2.054193e-01   2.006423e-01   1.943604e-01   1.989709e-01   2.072025e-01   2.644785e-01
   2.290900e-02   2.027129e-01   2.040847e-01   1.991280e-01   1.925774e-01   1.971629e-01   2.049574e-01   2.642699e-01
   2.398800e-02   2.014109e-01   2.027527e-01   1.976197e-01   1.908067e-01   1.953671e-01   2.027332e-01   2.226665e-01
   2.511900e-02   2.001195e-01   2.014206e-01   1.961146e-01   1.890454e-01   1.935805e-01   2.005260e-01   2.209555e-01
   2.630300e-02   1.988402e-01   2.000899e-01   1.946143e-01   1.872954e-01   1.918052e-01   1.925832e-01   2.192648e-01
   2.754200e-02   1.975733e-01   1.987604e-01   1.931189e-01   1.855570e-01   1.900412e-01   1.924290e-01   2.175949e-01
   2.900000e-02   1.912854e-01   1.923619e-01   1.861631e-01   1.836223e-01   1.829338e-01   1.922548e-01   2.157475e-01
   3.100000e-02   1.927059e-01   1.936774e-01   1.870683e-01   1.781257e-01   1.833021e-01   1.920290e-01   6.076024e-05
   3.200000e-02   1.933872e-01   1.942963e-01   1.874913e-01   1.782740e-01   1.834700e-01   1.678879e-01   1.119934e-04
   3.300000e-02   1.940529e-01   1.948947e-01   1.878992e-01   1.784161e-01   1.836308e-01   1.671621e-01   1.593325e-04
   3.400000e-02   1.827457e-01   1.834682e-01   1.882929e-01   1.785519e-01   1.837849e-01   1.664631e-01   2.031480e-04
   3.500000e-02   1.829844e-01   1.836401e-01   1.756098e-01   1.786820e-01   1.630237e-01   1.657893e-01   2.437684e-04
   3.700000e-02   1.834560e-01   1.839817e-01   1.755900e-01   1.642670e-01   1.622394e-01   1.645134e-01   3.165587e-04
   3.800000e-02   1.836849e-01   1.841492e-01   1.755834e-01   1.640281e-01   1.618662e-01   1.639063e-01   3.492123e-04
   3.900000e-02   1.839108e-01   1.843155e-01   1.755795e-01   1.637978e-01   1.615054e-01   1.633189e-01   3.796564e-04
   4.000000e-02   1.841338e-01   1.844805e-01   1.755782e-01   1.635756e-01   1.611564e-01   1.627501e-01   3.733806e-04
   4.250000e-02   5.849235e-05   5.855729e-05   0.000000e+00   1.630559e-01   1.603344e-01   6.754143e-05   4.246776e-04
   4.500000e-02   1.565704e-04   1.566310e-04   1.087607e-04   4.225125e-05   5.692356e-05   1.367391e-04   4.680692e-04
   4.750000e-02   2.424338e-04   2.423624e-04   1.899230e-04   1.172935e-04   1.268371e-04   1.968183e-04   5.049865e-04
   5.000000e-02   3.179921e-04   3.176937e-04   2.612146e-04   1.831818e-04   1.881309e-04   2.492591e-04   5.365547e-04
   5.250000e-02   3.513475e-04   3.508039e-04   3.241324e-04   2.413115e-04   2.421246e-04   2.952495e-04   5.636685e-04
   5.500000e-02   4.000182e-04   3.991967e-04   3.487213e-04   2.928140e-04   2.898942e-04   3.112448e-04   5.870426e-04
   5.708800e-02   4.364531e-04   4.354065e-04   3.837166e-04   3.099931e-04   2.998325e-04   3.369084e-04   5.630228e-04
   6.405400e-02   5.358355e-04   5.340428e-04   4.790239e-04   4.009751e-04   3.809811e-04   4.060469e-04   5.973616e-04
   7.187000e-02   6.410511e-04   6.386604e-04   5.602943e-04   4.753983e-04   4.469297e-04   4.614960e-04   6.218416e-04
   8.063900e-02   7.137871e-04   7.111586e-04   6.244662e-04   5.136731e-04   4.735476e-04   4.614986e-04   6.379580e-04
   9.047800e-02   7.718527e-04   7.691089e-04   6.753431e-04   5.558800e-04   5.086259e-04   4.862647e-04   5.850091e-04
   1.015200e-01   7.178722e-04   7.154755e-04   6.473563e-04   5.881201e-04   5.348620e-04   5.036897e-04   5.792555e-04
   1.139100e-01   7.365128e-04   7.342187e-04   6.614109e-04   5.672185e-04   5.535478e-04   5.148894e-04   5.725204e-04
   1.278000e-01   7.528013e-04   7.506081e-04   6.741098e-04   5.750999e-04   5.288625e-04   4.811452e-04   5.650893e-04
   1.434000e-01   7.667467e-04   7.646410e-04   6.850542e-04   5.816998e-04   5.321122e-04   4.794287e-04   5.565449e-04
   1.609000e-01   7.621530e-04   7.601527e-04   6.872509e-04   5.866652e-04   5.344739e-04   4.766093e-04   5.471957e-04
   1.805300e-01   7.695474e-04   7.676814e-04   6.620515e-04   5.898722e-04   5.351391e-04   4.727535e-04   4.987105e-04
   2.025600e-01   7.748744e-04   7.732869e-04   6.628030e-04   5.329194e-04   4.682018e-04   4.680130e-04   4.856744e-04
   2.272700e-01   7.782637e-04   7.771270e-04   6.620842e-04   5.277392e-04   4.605035e-04   4.149153e-04   4.723680e-04
   2.550000e-01   7.798043e-04   7.793345e-04   6.599672e-04   5.216825e-04   4.522344e-04   4.053966e-04   4.588861e-04
   2.861200e-01   7.495548e-04   7.499807e-04   6.568321e-04   5.148467e-04   4.434630e-04   3.955340e-04   4.453247e-04
   3.210300e-01   7.452393e-04   7.467222e-04   6.120327e-04   5.073672e-04   4.342694e-04   3.854254e-04   4.317631e-04
   3.602000e-01   7.399918e-04   7.427239e-04   6.036637e-04   4.993795e-04   4.247701e-04   3.751971e-04   4.182111e-04
   4.041500e-01   6.013517e-04   6.047882e-04   5.949040e-04   4.440539e-04   4.150683e-04   3.648099e-04   3.954244e-04
   4.534700e-01   5.847473e-04   5.892256e-04   5.858787e-04   4.324986e-04   3.804523e-04   3.544008e-04   3.817795e-04
   5.088000e-01   5.682721e-04   5.738545e-04   5.426250e-04   4.209595e-04   3.692426e-04   3.417635e-04   3.683957e-04
   5.708800e-01   5.519724e-04   5.587244e-04   5.309494e-04   4.095293e-04   3.581447e-04   3.313722e-04   3.553064e-04
   6.405400e-01   5.358838e-04   5.438844e-04   5.193667e-04   4.735367e-04   3.472025e-04   3.211068e-04   3.425385e-04
   7.187000e-01   5.200377e-04   5.293734e-04   5.079166e-04   4.674990e-04   4.281221e-04   3.109954e-04   4.002760e-04
   8.064000e-01   5.044654e-04   5.152180e-04   4.966466e-04   4.613477e-04   4.238539e-04   3.626153e-04   3.916492e-04
   9.047900e-01   4.892381e-04   5.013973e-04   4.855944e-04   4.551662e-04   4.194581e-04   3.566397e-04   3.830727e-04
   1.015200e+00   4.743654e-04   4.879486e-04   4.747559e-04   4.489952e-04   4.149806e-04   3.506286e-04   3.746160e-04
   1.139100e+00   4.598556e-04   4.748811e-04   4.641641e-04   4.428780e-04   4.104825e-04   3.446267e-04   3.663119e-04
   1.278100e+00   4.457054e-04   4.621556e-04   4.538347e-04   4.368530e-04   4.059949e-04   3.386819e-04   3.581961e-04
   1.434000e+00   4.319211e-04   4.497782e-04   4.437377e-04   4.309381e-04   4.015441e-04   3.328262e-04   3.502925e-04
   1.609000e+00   3.686719e-04   3.856278e-04   4.338726e-04   4.251239e-04   3.971480e-04   3.270773e-04   3.426126e-04
   1.680000e+00   3.367704e-04   3.528442e-04   4.119056e-04   4.228911e-04   3.954426e-04   3.249027e-04   3.397456e-04
   1.700000e+00   3.285134e-04   3.443488e-04   4.017510e-04   4.222736e-04   3.949692e-04   3.243047e-04   3.389592e-04
   1.800000e+00   2.914212e-04   3.061562e-04   3.561800e-04   4.193658e-04   3.927475e-04   3.214747e-04   3.352344e-04
   1.900000e+00   2.601853e-04   2.739307e-04   3.178380e-04   4.166377e-04   3.906569e-04   3.188278e-04   3.317592e-04
   2.000000e+00   2.336462e-04   2.464994e-04   2.852873e-04   3.752598e-04   3.886837e-04   3.163383e-04   3.285089e-04
   2.100000e+00   2.109088e-04   2.229549e-04   2.574197e-04   3.370699e-04   3.868200e-04   3.139924e-04   3.254544e-04
   2.200000e+00   1.493289e-04   1.581612e-04   2.333878e-04   3.042807e-04   3.582469e-04   3.117762e-04   3.225784e-04
   2.300000e+00   1.375017e-04   1.458444e-04   2.125189e-04   2.759365e-04   3.244474e-04   3.096803e-04   3.198666e-04
   2.400000e+00   1.270540e-04   1.349502e-04   1.412433e-04   2.512731e-04   2.950883e-04   3.076887e-04   3.066777e-04
   2.500000e+00   1.177783e-04   1.252659e-04   1.312449e-04   2.296915e-04   2.694399e-04   3.057976e-04   2.817252e-04
   2.600000e+00   1.095018e-04   1.166139e-04   1.223048e-04   2.107007e-04   2.469058e-04   2.944604e-04   2.596774e-04
   2.750000e+00   9.866525e-05   1.052692e-04   1.105717e-04   1.200383e-04   2.179437e-04   2.610890e-04   2.311357e-04
   3.000000e+00   7.995198e-05   8.555264e-05   9.456429e-05   1.030250e-04   9.417623e-05   2.167171e-04   1.930031e-04
   3.250000e+00   6.913279e-05   7.416145e-05   7.730669e-05   8.950859e-05   8.266821e-05   1.826140e-04   1.635264e-04
   3.500000e+00   6.042059e-05   6.496378e-05   6.789066e-05   7.857948e-05   7.327303e-05   1.558602e-04   1.072574e-04
   3.750000e+00   5.329450e-05   5.742170e-05   6.015493e-05   6.486385e-05   6.548888e-05   9.398956e-05   9.468079e-05
   4.000000e+00   4.589212e-05   4.954101e-05   5.371458e-05   5.811267e-05   5.895799e-05   8.378991e-05   8.425866e-05
   4.250000e+00   4.116106e-05   4.450983e-05   4.734031e-05   5.241269e-05   6.074249e-05   7.522202e-05   7.551673e-05
   4.500000e+00   3.714572e-05   4.023137e-05   4.285454e-05   4.755097e-05   5.506786e-05   6.794845e-05   6.446369e-05
   4.750000e+00   3.370703e-05   3.656055e-05   3.900118e-05   4.336770e-05   5.018906e-05   4.922490e-05   5.860455e-05
   5.000000e+00   3.073746e-05   3.338499e-05   3.566448e-05   3.974376e-05   4.596132e-05   4.529805e-05   5.353923e-05
   5.250000e+00   2.815445e-05   3.061826e-05   3.275465e-05   3.657403e-05   4.227049e-05   4.185401e-05   4.912855e-05
   5.500000e+00   0.000000e+00   0.000000e+00   3.019990e-05   3.378729e-05   3.902778e-05   3.881443e-05   4.526149e-05
   5.750000e+00   0.000000e+00   0.000000e+00   2.794389e-05   3.132285e-05   3.321963e-05   3.611686e-05   4.185104e-05
   6.000000e+00   0.000000e+00   0.000000e+00   2.594089e-05   2.913203e-05   3.095724e-05   3.370965e-05   3.233560e-05
   6.250000e+00   0.000000e+00   0.000000e+00   0.000000e+00   2.717430e-05   2.893208e-05   3.155161e-05   3.024877e-05
   6.500000e+00   0.000000e+00   0.000000e+00   0.000000e+00   2.541722e-05   2.711121e-05   2.960846e-05   2.837068e-05
   6.750000e+00   0.000000e+00   0.000000e+00   0.000000e+00   2.383364e-05   2.546729e-05   2.785171e-05   2.667357e-05
   7.000000e+00   0.000000e+00   0.000000e+00   0.000000e+00   2.240091e-05   2.397774e-05   2.690015e-05   2.513422e-05
   7.250000e+00   0.000000e+00   0.000000e+00   0.000000e+00   0.000000e+00   2.262282e-05   2.539921e-05   2.373333e-05
   7.500000e+00   0.000000e+00   0.000000e+00   0.000000e+00   0.000000e+00   2.138655e-05   2.402871e-05   2.245383e-05
   7.750000e+00   0.000000e+00   0.000000e+00   0.000000e+00   0.000000e+00   2.025507e-05   2.277352e-05   2.128187e-05
   8.000000e+00   0.000000e+00   0.000000e+00   0.000000e+00   0.000000e+00   1.921653e-05   2.162066e-05   2.020536e-05
   8.250000e+00   0.000000e+00   0.000000e+00   0.000000e+00   0.000000e+00   1.826074e-05   2.055896e-05   1.921390e-05
   8.500000e+00   0.000000e+00   0.000000e+00   0.000000e+00   0.000000e+00   0.000000e+00   1.957897e-05   1.829848e-05
   8.750000e+00   0.000000e+00   0.000000e+00   0.000000e+00   0.000000e+00   0.000000e+00   1.867189e-05   1.745128e-05
   9.000000e+00   0.000000e+00   0.000000e+00   0.000000e+00   0.000000e+00   0.000000e+00   1.783061e-05   0.000000e+00
   9.250000e+00   0.000000e+00   0.000000e+00   0.000000e+00   0.000000e+00   0.000000e+00   1.704871e-05   0.000000e+00
   9.500000e+00   0.000000e+00   0.000000e+00   0.000000e+00   0.000000e+00   0.000000e+00   1.632057e-05   0.000000e+00
   9.750000e+00   0.000000e+00   0.000000e+00   0.000000e+00   0.000000e+00   0.000000e+00   1.564122e-05   0.000000e+00
   1.000000e+01   0.000000e+00   0.000000e+00   0.000000e+00   0.000000e+00   0.000000e+00   1.500626e-05   0.000000e+00
   1.025000e+01   0.000000e+00   0.000000e+00   0.000000e+00   0.000000e+00   0.000000e+00   1.441178e-05   0.000000e+00
   1.050000e+01   0.000000e+00   0.000000e+00   0.000000e+00   0.000000e+00   0.000000e+00   0.000000e+00   0.000000e+00
   1.075000e+01   0.000000e+00   0.000000e+00   0.000000e+00   0.000000e+00   0.000000e+00   0.000000e+00   0.000000e+00
   1.100000e+01   0.000000e+00   0.000000e+00   0.000000e+00   0.000000e+00   0.000000e+00   0.000000e+00   0.000000e+00
   1.125000e+01   0.000000e+00   0.000000e+00   0.000000e+00   0.000000e+00   0.000000e+00   0.000000e+00   0.000000e+00
   1.150000e+01   0.000000e+00   0.000000e+00   0.000000e+00   0.000000e+00   0.000000e+00   0.000000e+00   0.000000e+00
   1.175000e+01   0.000000e+00   0.000000e+00   0.000000e+00   0.000000e+00   0.000000e+00   0.000000e+00   0.000000e+00
   1.200000e+01   0.000000e+00   0.000000e+00   0.000000e+00   0.000000e+00   0.000000e+00   0.000000e+00   0.000000e+00
   1.225000e+01   0.000000e+00   0.000000e+00   0.000000e+00   0.000000e+00   0.000000e+00   0.000000e+00   0.000000e+00
   1.250000e+01   0.000000e+00   0.000000e+00   0.000000e+00   0.000000e+00   0.000000e+00   0.000000e+00   0.000000e+00
   1.275000e+01   0.000000e+00   0.000000e+00   0.000000e+00   0.000000e+00   0.000000e+00   0.000000e+00   0.000000e+00
   1.300000e+01   0.000000e+00   0.000000e+00   0.000000e+00   0.000000e+00   0.000000e+00   0.000000e+00   0.000000e+00
   1.325000e+01   0.000000e+00   0.000000e+00   0.000000e+00   0.000000e+00   0.000000e+00   0.000000e+00   0.000000e+00
   1.350000e+01   0.000000e+00   0.000000e+00   0.000000e+00   0.000000e+00   0.000000e+00   0.000000e+00   0.000000e+00
   1.375000e+01   0.000000e+00   0.000000e+00   0.000000e+00   0.000000e+00   0.000000e+00   0.000000e+00   0.000000e+00
   1.400000e+01   0.000000e+00   0.000000e+00   0.000000e+00   0.000000e+00   0.000000e+00   0.000000e+00   0.000000e+00
   1.425000e+01   0.000000e+00   0.000000e+00   0.000000e+00   0.000000e+00   0.000000e+00   0.000000e+00   0.000000e+00
   1.450000e+01   0.000000e+00   0.000000e+00   0.000000e+00   0.000000e+00   0.000000e+00   0.000000e+00   0.000000e+00
   1.475000e+01   0.000000e+00   0.000000e+00   0.000000e+00   0.000000e+00   0.000000e+00   0.000000e+00   0.000000e+00
   1.500000e+01   0.000000e+00   0.000000e+00   0.000000e+00   0.000000e+00   0.000000e+00   0.000000e+00   0.000000e+00
